 0.1000000000000000E-01	 0.3374041859397353E+00	0.3334155962974877E+00 	-0.1524897459787454E+02
 0.2000000000000000E-01	 0.3376501899591574E+00	0.3336625815659394E+00 	-0.7511324309790232E+01
 0.3000000000000000E-01	 0.3380608479102691E+00	0.3340748876134937E+00 	-0.4933066654570449E+01
 0.4000000000000000E-01	 0.3386371722925947E+00	0.3346535430542907E+00 	-0.3642321545351925E+01
 0.5000000000000000E-01	 0.3393806625358040E+00	0.3354000533760022E+00 	-0.2865936165365276E+01
 0.6000000000000000E-01	 0.3402934237650125E+00	0.3363164663677073E+00 	-0.2346486951111278E+01
 0.7000000000000001E-01	 0.3413783845359530E+00	0.3374054562414471E+00 	-0.1973750375881149E+01
 0.8000000000000000E-01	 0.3426395742728213E+00	0.3386704264474573E+00 	-0.1692656689463445E+01
 0.9000000000000000E-01	 0.3440822452778829E+00	0.3401156311830809E+00 	-0.1472631417066248E+01
 0.1000000000000000E+00	 0.3457126027848625E+00	0.3417463155953588E+00 	-0.1295340085543019E+01
 0.1100000000000000E+00	 0.3475371186506809E+00	0.3435688746772987E+00 	-0.1149120905012297E+01
 0.1200000000000000E+00	 0.3495616270160476E+00	0.3455910308578240E+00 	-0.1026202570162151E+01
 0.1300000000000000E+00	 0.3517904656841804E+00	0.3478220302854003E+00 	-0.9212068646329526E+00
 0.1400000000000000E+00	 0.3542258556234019E+00	0.3502728578053420E+00 	-0.8302933765405220E+00
 0.1500000000000000E+00	 0.3568675950228790E+00	0.3529564706307957E+00 	-0.7506465309787680E+00
 0.1600000000000000E+00	 0.3597130493437918E+00	0.3558880507074047E+00 	-0.6801551018949821E+00
 0.1700000000000000E+00	 0.3627573664318684E+00	0.3590852757716501E+00 	-0.6172049068008862E+00
 0.1800000000000000E+00	 0.3659938308335369E+00	0.3625686091028721E+00 	-0.5605406458538786E+00
 0.1900000000000000E+00	 0.3694142799804506E+00	0.3663616079689698E+00 	-0.5091713975752321E+00
 0.2000000000000000E+00	 0.3730095238363712E+00	0.3704912507657791E+00 	-0.4623044831951083E+00
 0.2100000000000000E+00	 0.3767697301440141E+00	0.3749882828501301E+00 	-0.4192982383139293E+00
 0.2200000000000000E+00	 0.3806847549740167E+00	0.3798875810665832E+00 	-0.3796276726623427E+00
 0.2300000000000000E+00	 0.3847444112495700E+00	0.3852285369678430E+00 	-0.3428590933772128E+00
 0.2400000000000000E+00	 0.3889386763950185E+00	0.3910554587288527E+00 	-0.3086310760310434E+00
 0.2500000000000000E+00	 0.3932578450778427E+00	0.3974179917545657E+00 	-0.2766400050983083E+00
 0.2600000000000000E+00	 0.3976926352127572E+00	0.4043715579813966E+00 	-0.2466289529795624E+00
 0.2700000000000000E+00	 0.4022342558919046E+00	0.4119778138723511E+00 	-0.2183790315841540E+00
 0.2800000000000000E+00	 0.4068744454094587E+00	0.4203051271058344E+00 	-0.1917025980188946E+00
 0.2900000000000000E+00	 0.4116054865594572E+00	0.4294290719581382E+00 	-0.1664378666185822E+00
 0.3000000000000000E+00	 0.4164202052223761E+00	0.4394329433796073E+00 	-0.1424445990141068E+00
 0.3100000000000000E+00	 0.4213119571037398E+00	0.4504082897644838E+00 	-0.1196006286968466E+00
 0.3200000000000000E+00	 0.4262746064472802E+00	0.4624554644144308E+00 	-0.9779903745120561E-01
 0.3300000000000000E+00	 0.4313024996536302E+00	0.4756841956957349E+00 	-0.7694584532051701E-01
 0.3400000000000000E+00	 0.4363904360009985E+00	0.4902141758901870E+00 	-0.5695810833521125E-01
 0.3500000000000000E+00	 0.4415336370772752E+00	0.5061756687396421E+00 	-0.3776234241880172E-01
 0.3600000000000000E+00	 0.4467277160727274E+00	0.5237101356842585E+00 	-0.1929321002471618E-01
 0.3700000000000000E+00	 0.4519686477293868E+00	0.5429708807944141E+00 	-0.1492419780853016E-02
 0.3800000000000000E+00	 0.4572527394768043E+00	0.5641237143963038E+00 	 0.1569220010910144E-01
 0.3900000000000000E+00	 0.4625766040852720E+00	0.5873476353912132E+00 	 0.3230748590400884E-01
 0.4000000000000000E+00	 0.4679371340237247E+00	0.6128355322684725E+00 	 0.4839560475811761E-01
 0.4100000000000000E+00	 0.4733314776046598E+00	0.6407949028120898E+00 	 0.6399462363229741E-01
 0.4200000000000000E+00	 0.4787570169267165E+00	0.6714485925010614E+00 	 0.7913899694078286E-01
 0.4300000000000000E+00	 0.4842113475750413E+00	0.7050355516033616E+00 	 0.9385998616499175E-01
 0.4400000000000000E+00	 0.4896922600075199E+00	0.7418116109636126E+00 	 0.1081860222595248E+00
 0.4500000000000000E+00	 0.4951977225347454E+00	0.7820502764844306E+00 	 0.1221430197504451E+00
 0.4600000000000000E+00	 0.5007258657906197E+00	0.8260435423014523E+00 	 0.1357546498776830E+00
 0.4700000000000000E+00	 0.5062749685857810E+00	0.8741027226520401E+00 	 0.1490425788817313E+00
 0.4800000000000000E+00	 0.5118434450359037E+00	0.9265593024376670E+00 	 0.1620266765178749E+00
 0.4900000000000000E+00	 0.5174298328595024E+00	0.9837658064799777E+00 	 0.1747251990511119E+00
 0.5000000000000000E+00	 0.5230327827445186E+00	0.1046096687470530E+01 	 0.1871549503042961E+00
 0.5100000000000000E+00	 0.5286510486889390E+00	0.1113949232614214E+01 	 0.1993314237715480E+00
 0.5200000000000000E+00	 0.5342834792269432E+00	0.1187744488966354E+01 	 0.2112689283455226E+00
 0.5300000000000000E+00	 0.5399290094587105E+00	0.1267928207463481E+01 	 0.2229806998223928E+00
 0.5400000000000000E+00	 0.5455866538087575E+00	0.1354971805647799E+01 	 0.2344790000278003E+00
 0.5500000000000000E+00	 0.5512554994439827E+00	0.1449373349085304E+01 	 0.2457752051389098E+00
 0.5600000000000001E+00	 0.5569347002888999E+00	0.1551658551477614E+01 	 0.2568798845526650E+00
 0.5700000000000001E+00	 0.5626234715809036E+00	0.1662381793467452E+01 	 0.2678028714608615E+00
 0.5800000000000000E+00	 0.5683210849143168E+00	0.1782127160137820E+01 	 0.2785533261325688E+00
 0.5900000000000000E+00	 0.5740268637262151E+00	0.1911509497204851E+01 	 0.2891397927687726E+00
 0.6000000000000000E+00	 0.5797401791822286E+00	0.2051175485904333E+01 	 0.2995702506788009E+00
 0.6100000000000000E+00	 0.5854604464239633E+00	0.2201804736571925E+01 	 0.3098521604298070E+00
 0.6200000000000000E+00	 0.5911871211440470E+00	0.2364110900917035E+01 	 0.3199925055365522E+00
 0.6300000000000000E+00	 0.5969196964574820E+00	0.2538842802990389E+01 	 0.3299978301867191E+00
 0.6400000000000000E+00	 0.6026577000419213E+00	0.2726785588845272E+01 	 0.3398742734350865E+00
 0.6500000000000000E+00	 0.6084006915213614E+00	0.2928761894892461E+01 	 0.3496276002465814E+00
 0.6600000000000000E+00	 0.6141482600707786E+00	0.3145633034948809E+01 	 0.3592632297221717E+00
 0.6700000000000000E+00	 0.6199000222212905E+00	0.3378300205979542E+01 	 0.3687862608016934E+00
 0.6800000000000000E+00	 0.6256556198473939E+00	0.3627705712534214E+01 	 0.3782014957031249E+00
 0.6900000000000001E+00	 0.6314147183199623E+00	0.3894834209876327E+01 	 0.3875134613277388E+00
 0.7000000000000001E+00	 0.6371770048094568E+00	0.4180713965806684E+01 	 0.3967264288343485E+00
 0.7100000000000000E+00	 0.6429421867264462E+00	0.4486418141180338E+01 	 0.4058444315629874E+00
 0.7200000000000000E+00	 0.6487099902872066E+00	0.4813066089117321E+01 	 0.4148712814683193E+00
 0.7300000000000000E+00	 0.6544801591924159E+00	0.5161824672906938E+01 	 0.4238105842055271E+00
 0.7400000000000000E+00	 0.6602524534104893E+00	0.5533909602605846E+01 	 0.4326657529960013E+00
 0.7500000000000000E+00	 0.6660266480552304E+00	0.5930586790329743E+01 	 0.4414400213865742E+00
 0.7600000000000000E+00	 0.6718025323503666E+00	0.6353173724238745E+01 	 0.4501364550040834E+00
 0.7700000000000000E+00	 0.6775799086732635E+00	0.6803040861216497E+01 	 0.4587579623964744E+00
 0.7800000000000000E+00	 0.6833585916710516E+00	0.7281613038242856E+01 	 0.4673073050423088E+00
 0.7900000000000000E+00	 0.6891384074432094E+00	0.7790370902460383E+01 	 0.4757871066022584E+00
 0.8000000000000000E+00	 0.6949191927852787E+00	0.8330852359934410E+01 	 0.4841998614788101E+00
 0.8100000000000001E+00	 0.7007007944880046E+00	0.8904654043106811E+01 	 0.4925479427438738E+00
 0.8200000000000001E+00	 0.7064830686880010E+00	0.9513432796943500E+01 	 0.5008336094881685E+00
 0.8300000000000001E+00	 0.7122658802655196E+00	0.1015890718377555E+02 	 0.5090590136410662E+00
 0.8400000000000000E+00	 0.7180491022853882E+00	0.1084285900683401E+02 	 0.5172262063049498E+00
 0.8500000000000000E+00	 0.7238326154779348E+00	0.1156713485247842E+02 	 0.5253371436439924E+00
 0.8600000000000000E+00	 0.7296163077565097E+00	0.1233364765111896E+02 	 0.5333936923635596E+00
 0.8700000000000000E+00	 0.7354000737688176E+00	0.1314437825683234E+02 	 0.5413976348131099E+00
 0.8800000000000000E+00	 0.7411838144795013E+00	0.1400137704567130E+02 	 0.5493506737424829E+00
 0.8900000000000000E+00	 0.7469674367813566E+00	0.1490676553266785E+02 	 0.5572544367387822E+00
 0.9000000000000000E+00	 0.7527508531331348E+00	0.1586273800753016E+02 	 0.5651104803686415E+00
 0.9100000000000000E+00	 0.7585339812220492E+00	0.1687156318903308E+02 	 0.5729202940484909E+00
 0.9200000000000000E+00	 0.7643168892887057E+00	0.1793558589810251E+02 	 0.5806853036634680E+00
 0.9300000000000000E+00	 0.7700992128389150E+00	0.1905722874959315E+02 	 0.5884068749538550E+00
 0.9400000000000001E+00	 0.7758810295158372E+00	0.2023899386276027E+02 	 0.5960863166863094E+00
 0.9500000000000001E+00	 0.7816622749731980E+00	0.2148346459042496E+02 	 0.6037248836257065E+00
 0.9600000000000000E+00	 0.7874428887133316E+00	0.2279330726683295E+02 	 0.6113237793220999E+00
 0.9700000000000000E+00	 0.7932228138631161E+00	0.2417127297420754E+02 	 0.6188841587261042E+00
 0.9800000000000000E+00	 0.7990019969638212E+00	0.2562019932799558E+02 	 0.6264071306449249E+00
 0.9900000000000000E+00	 0.8047803877747589E+00	0.2714301228080777E+02 	 0.6338937600502718E+00
 0.1000000000000000E+01	 0.8105579390888332E+00	0.2874272794505211E+02 	 0.6413450702484966E+00
 0.1010000000000000E+01	 0.8163346065602290E+00	0.3042245443426145E+02 	 0.6487620449224751E+00
 0.1020000000000000E+01	 0.8221103485422654E+00	0.3218539372311442E+02 	 0.6561456300540112E+00
 0.1030000000000000E+01	 0.8278851259356946E+00	0.3403484352615007E+02 	 0.6634967357348569E+00
 0.1040000000000000E+01	 0.8336589020458955E+00	0.3597419919517651E+02 	 0.6708162378738262E+00
 0.1050000000000000E+01	 0.8394316424492801E+00	0.3800695563537268E+02 	 0.6781049798069030E+00
 0.1060000000000000E+01	 0.8452033148671375E+00	0.4013670924008434E+02 	 0.6853637738167334E+00
 0.1070000000000000E+01	 0.8509738890476410E+00	0.4236715984431346E+02 	 0.6925934025674090E+00
 0.1080000000000000E+01	 0.8567433366545109E+00	0.4470211269690112E+02 	 0.6997946204600135E+00
 0.1090000000000000E+01	 0.8625116311624226E+00	0.4714548045140464E+02 	 0.7069681549140041E+00
 0.1100000000000000E+01	 0.8682787477586167E+00	0.4970128517566773E+02 	 0.7141147075791305E+00
 0.1110000000000000E+01	 0.8740446632499875E+00	0.5237366038008485E+02 	 0.7212349554822584E+00
 0.1120000000000000E+01	 0.8798093559758866E+00	0.5516685306455901E+02 	 0.7283295521131474E+00
 0.1130000000000000E+01	 0.8855728057258779E+00	0.5808522578415305E+02 	 0.7353991284529557E+00
 0.1140000000000000E+01	 0.8913349936620238E+00	0.6113325873343516E+02 	 0.7424442939489706E+00
 0.1150000000000000E+01	 0.8970959022457754E+00	0.6431555184951753E+02 	 0.7494656374388280E+00
 0.1160000000000000E+01	 0.9028555151689994E+00	0.6763682693378884E+02 	 0.7564637280272579E+00
 0.1170000000000000E+01	 0.9086138172887289E+00	0.7110192979234073E+02 	 0.7634391159181821E+00
 0.1180000000000000E+01	 0.9143707945657916E+00	0.7471583239508752E+02 	 0.7703923332048024E+00
 0.1190000000000000E+01	 0.9201264340066700E+00	0.7848363505357963E+02 	 0.7773238946201434E+00
 0.1200000000000000E+01	 0.9258807236085866E+00	0.8241056861751120E+02 	 0.7842342982503432E+00
 0.1210000000000000E+01	 0.9316336523077658E+00	0.8650199668992082E+02 	 0.7911240262128397E+00
 0.1220000000000000E+01	 0.9373852099303015E+00	0.9076341786108598E+02 	 0.7979935453014568E+00
 0.1230000000000000E+01	 0.9431353871459210E+00	0.9520046796111178E+02 	 0.8048433076002670E+00
 0.1240000000000000E+01	 0.9488841754240107E+00	0.9981892233121255E+02 	 0.8116737510679852E+00
 0.1250000000000000E+01	 0.9546315669921444E+00	0.1046246981136875E+03 	 0.8184853000945338E+00
 0.1260000000000000E+01	 0.9603775547969198E+00	0.1096238565605904E+03 	 0.8252783660313205E+00
 0.1270000000000000E+01	 0.9661221324665886E+00	0.1148226053610921E+03 	 0.8320533476966718E+00
 0.1280000000000000E+01	 0.9718652942761277E+00	0.1202273009875375E+03 	 0.8388106318577686E+00
 0.1290000000000000E+01	 0.9776070351134039E+00	0.1258444510601961E+03 	 0.8455505936903610E+00
 0.1300000000000000E+01	 0.9833473504481096E+00	0.1316807167307056E+03 	 0.8522735972174437E+00
 0.1310000000000000E+01	 0.9890862363014142E+00	0.1377429150842097E+03 	 0.8589799957280194E+00
 0.1320000000000000E+01	 0.9948236892175671E+00	0.1440380215601899E+03 	 0.8656701321769938E+00
 0.1330000000000000E+01	 0.1000559706237099E+01	0.1505731723919903E+03 	 0.8723443395671929E+00
 0.1340000000000000E+01	 0.1006294284871308E+01	0.1573556670650361E+03 	 0.8790029413144325E+00
 0.1350000000000000E+01	 0.1012027423077787E+01	0.1643929707937469E+03 	 0.8856462515965108E+00
 0.1360000000000000E+01	 0.1017759119237579E+01	0.1716927170171413E+03 	 0.8922745756869515E+00
 0.1370000000000000E+01	 0.1023489372133138E+01	0.1792627099131383E+03 	 0.8988882102742667E+00
 0.1380000000000000E+01	 0.1029218180927806E+01	0.1871109269315498E+03 	 0.9054874437674746E+00
 0.1390000000000000E+01	 0.1034945545146126E+01	0.1952455213457685E+03 	 0.9120725565885582E+00
 0.1400000000000000E+01	 0.1040671464654723E+01	0.2036748248231478E+03 	 0.9186438214525138E+00
 0.1410000000000000E+01	 0.1046395939645079E+01	0.2124073500140763E+03 	 0.9252015036356036E+00
 0.1420000000000000E+01	 0.1052118970616220E+01	0.2214517931597478E+03 	 0.9317458612323878E+00
 0.1430000000000000E+01	 0.1057840558358790E+01	0.2308170367186208E+03 	 0.9382771454020825E+00
 0.1440000000000000E+01	 0.1063560703939799E+01	0.2405121520115757E+03 	 0.9447956006047643E+00
 0.1450000000000000E+01	 0.1069279408688302E+01	0.2505464018857625E+03 	 0.9513014648278986E+00
 0.1460000000000000E+01	 0.1074996674180935E+01	0.2609292433971453E+03 	 0.9577949698036631E+00
 0.1470000000000000E+01	 0.1080712502229687E+01	0.2716703305117383E+03 	 0.9642763412174937E+00
 0.1480000000000000E+01	 0.1086426894868602E+01	0.2827795168255354E+03 	 0.9707457989082726E+00
 0.1490000000000000E+01	 0.1092139854342419E+01	0.2942668583031355E+03 	 0.9772035570605407E+00
 0.1500000000000000E+01	 0.1097851383095122E+01	0.3061426160350580E+03 	 0.9836498243891111E+00
 0.1510000000000000E+01	 0.1103561483758854E+01	0.3184172590137566E+03 	 0.9900848043164286E+00
 0.1520000000000000E+01	 0.1109270159144222E+01	0.3311014669283225E+03 	 0.9965086951430122E+00
 0.1530000000000000E+01	 0.1114977412230105E+01	0.3442061329778839E+03 	 0.1002921690211287E+01
 0.1540000000000000E+01	 0.1120683246154512E+01	0.3577423667036983E+03 	 0.1009323978063113E+01
 0.1550000000000000E+01	 0.1126387664205746E+01	0.3717214968399371E+03 	 0.1015715742591284E+01
 0.1560000000000000E+01	 0.1132090669813966E+01	0.3861550741831675E+03 	 0.1022097163185276E+01
 0.1570000000000000E+01	 0.1137792266543174E+01	0.4010548744805248E+03 	 0.1028468414871489E+01
 0.1580000000000000E+01	 0.1143492458083485E+01	0.4164329013365792E+03 	 0.1034829668448233E+01
 0.1590000000000000E+01	 0.1149191248243903E+01	0.4323013891388972E+03 	 0.1041181090615677E+01
 0.1600000000000000E+01	 0.1154888640945393E+01	0.4486728060022945E+03 	 0.1047522844100995E+01
 0.1610000000000000E+01	 0.1160584640214258E+01	0.4655598567317865E+03 	 0.1053855087778904E+01
 0.1620000000000000E+01	 0.1166279250175738E+01	0.4829754858042280E+03 	 0.1060177976787796E+01
 0.1630000000000000E+01	 0.1171972475048266E+01	0.5009328803686497E+03 	 0.1066491662641647E+01
 0.1640000000000000E+01	 0.1177664319137346E+01	0.5194454732652871E+03 	 0.1072796293337892E+01
 0.1650000000000000E+01	 0.1183354786830414E+01	0.5385269460633032E+03 	 0.1079092013461431E+01
 0.1660000000000000E+01	 0.1189043882591498E+01	0.5581912321172041E+03 	 0.1085378964284915E+01
 0.1670000000000000E+01	 0.1194731610956305E+01	0.5784525196419509E+03 	 0.1091657283865493E+01
 0.1680000000000000E+01	 0.1200417976527432E+01	0.5993252548067637E+03 	 0.1097927107138140E+01
 0.1690000000000000E+01	 0.1206102983969945E+01	0.6208241448476159E+03 	 0.1104188566005724E+01
 0.1700000000000000E+01	 0.1211786638006906E+01	0.6429641611984291E+03 	 0.1110441789425938E+01
 0.1710000000000000E+01	 0.1217468943415596E+01	0.6657605426409561E+03 	 0.1116686903495219E+01
 0.1720000000000000E+01	 0.1223149905023201E+01	0.6892287984733595E+03 	 0.1122924031529796E+01
 0.1730000000000000E+01	 0.1228829527703339E+01	0.7133847116974846E+03 	 0.1129153294143949E+01
 0.1740000000000000E+01	 0.1234507816372504E+01	0.7382443422248257E+03 	 0.1135374809325627E+01
 0.1750000000000000E+01	 0.1240184775986652E+01	0.7638240301011826E+03 	 0.1141588692509498E+01
 0.1760000000000000E+01	 0.1245860411537822E+01	0.7901403987500184E+03 	 0.1147795056647552E+01
 0.1770000000000000E+01	 0.1251534728051300E+01	0.8172103582345038E+03 	 0.1153994012277352E+01
 0.1780000000000000E+01	 0.1257207730582476E+01	0.8450511085382576E+03 	 0.1160185667588006E+01
 0.1790000000000000E+01	 0.1262879424214112E+01	0.8736801428647831E+03 	 0.1166370128483976E+01
 0.1800000000000000E+01	 0.1268549814053821E+01	0.9031152509555913E+03 	 0.1172547498646780E+01
 0.1810000000000000E+01	 0.1274218905231253E+01	0.9333745224270292E+03 	 0.1178717879594695E+01
 0.1820000000000000E+01	 0.1279886702895829E+01	0.9644763501257898E+03 	 0.1184881370740511E+01
 0.1830000000000000E+01	 0.1285553212214432E+01	0.9964394335031245E+03 	 0.1191038069447425E+01
 0.1840000000000000E+01	 0.1291218438369130E+01	0.1029282782007744E+04 	 0.1197188071083146E+01
 0.1850000000000000E+01	 0.1296882386555170E+01	0.1063025718497413E+04 	 0.1203331469072268E+01
 0.1860000000000000E+01	 0.1302545061978883E+01	0.1097687882669244E+04 	 0.1209468354946986E+01
 0.1870000000000000E+01	 0.1308206469855797E+01	0.1133289234508680E+04 	 0.1215598818396211E+01
 0.1880000000000000E+01	 0.1313866615408994E+01	0.1169850057757171E+04 	 0.1221722947313137E+01
 0.1890000000000000E+01	 0.1319525503866958E+01	0.1207390963398545E+04 	 0.1227840827841335E+01
 0.1900000000000000E+01	 0.1325183140462485E+01	0.1245932893164071E+04 	 0.1233952544419407E+01
 0.1910000000000000E+01	 0.1330839530430583E+01	0.1285497123056222E+04 	 0.1240058179824265E+01
 0.1920000000000000E+01	 0.1336494679007435E+01	0.1326105266891124E+04 	 0.1246157815213082E+01
 0.1930000000000000E+01	 0.1342148591428465E+01	0.1367779279859706E+04 	 0.1252251530163959E+01
 0.1940000000000000E+01	 0.1347801272927631E+01	0.1410541462107527E+04 	 0.1258339402715358E+01
 0.1950000000000000E+01	 0.1353452728735506E+01	0.1454414462333328E+04 	 0.1264421509404340E+01
 0.1960000000000000E+01	 0.1359102964078494E+01	0.1499421281406242E+04 	 0.1270497925303664E+01
 0.1970000000000000E+01	 0.1364751984177388E+01	0.1545585276001725E+04 	 0.1276568724057761E+01
 0.1980000000000000E+01	 0.1370399794246572E+01	0.1592930162256167E+04 	 0.1282633977917649E+01
 0.1990000000000000E+01	 0.1376046399492529E+01	0.1641480019440196E+04 	 0.1288693757774813E+01
 0.2000000000000000E+01	 0.1381691805113176E+01	0.1691259293650687E+04 	 0.1294748133194084E+01
 0.2010000000000000E+01	 0.1387336016296907E+01	0.1742292801521452E+04 	 0.1300797172445558E+01
 0.2020000000000000E+01	 0.1392979038221533E+01	0.1794605733952627E+04 	 0.1306840942535578E+01
 0.2030000000000000E+01	 0.1398620876053444E+01	0.1848223659858765E+04 	 0.1312879509236837E+01
 0.2040000000000000E+01	 0.1404261534947076E+01	0.1903172529935599E+04 	 0.1318912937117582E+01
 0.2050000000000000E+01	 0.1409901020043611E+01	0.1959478680445518E+04 	 0.1324941289570010E+01
 0.2060000000000000E+01	 0.1415539336470811E+01	0.2017168837021737E+04 	 0.1330964628837832E+01
 0.2070000000000000E+01	 0.1421176489341941E+01	0.2076270118491141E+04 	 0.1336983016043066E+01
 0.2080000000000000E+01	 0.1426812483755305E+01	0.2136810040715848E+04 	 0.1342996511212067E+01
 0.2090000000000000E+01	 0.1432447324793559E+01	0.2198816520453442E+04 	 0.1349005173300822E+01
 0.2100000000000000E+01	 0.1438081017523035E+01	0.2262317879235928E+04 	 0.1355009060219547E+01
 0.2110000000000000E+01	 0.1443713566993361E+01	0.2327342847267342E+04 	 0.1361008228856586E+01
 0.2120000000000000E+01	 0.1449344978237059E+01	0.2393920567340102E+04 	 0.1367002735101659E+01
 0.2130000000000000E+01	 0.1454975256268489E+01	0.2462080598770003E+04 	 0.1372992633868458E+01
 0.2140000000000000E+01	 0.1460604406083997E+01	0.2531852921349948E+04 	 0.1378977979116632E+01
 0.2150000000000000E+01	 0.1466232432661337E+01	0.2603267939322340E+04 	 0.1384958823873166E+01
 0.2160000000000000E+01	 0.1471859340958803E+01	0.2676356485370203E+04 	 0.1390935220253180E+01
 0.2170000000000000E+01	 0.1477485135915502E+01	0.2751149824626950E+04 	 0.1396907219480162E+01
 0.2180000000000000E+01	 0.1483109822450474E+01	0.2827679658704895E+04 	 0.1402874871905664E+01
 0.2190000000000000E+01	 0.1488733405462872E+01	0.2905978129742412E+04 	 0.1408838227028462E+01
 0.2200000000000000E+01	 0.1494355889830954E+01	0.2986077824469838E+04 	 0.1414797333513208E+01
 0.2210000000000000E+01	 0.1499977280412508E+01	0.3068011778294006E+04 	 0.1420752239208587E+01
 0.2220000000000000E+01	 0.1505597582043997E+01	0.3151813479401548E+04 	 0.1426702991164994E+01
 0.2230000000000000E+01	 0.1511216799540716E+01	0.3237516872880811E+04 	 0.1432649635651743E+01
 0.2240000000000000E+01	 0.1516834937696118E+01	0.3325156364862540E+04 	 0.1438592218173831E+01
 0.2250000000000000E+01	 0.1522452001282217E+01	0.3414766826679195E+04 	 0.1444530783488261E+01
 0.2260000000000000E+01	 0.1528067995048679E+01	0.3506383599043018E+04 	 0.1450465375619941E+01
 0.2270000000000000E+01	 0.1533682923723110E+01	0.3600042496242729E+04 	 0.1456396037877174E+01
 0.2280000000000000E+01	 0.1539296792010735E+01	0.3695779810358977E+04 	 0.1462322812866750E+01
 0.2290000000000000E+01	 0.1544909604594204E+01	0.3793632315498450E+04 	 0.1468245742508654E+01
 0.2300000000000000E+01	 0.1550521366133581E+01	0.3893637272046688E+04 	 0.1474164868050388E+01
 0.2310000000000000E+01	 0.1556132081265853E+01	0.3995832430939574E+04 	 0.1480080230080949E+01
 0.2320000000000000E+01	 0.1561741754605375E+01	0.4100256037953567E+04 	 0.1485991868544432E+01
 0.2330000000000000E+01	 0.1567350390743151E+01	0.4206946838014559E+04 	 0.1491899822753312E+01
 0.2340000000000000E+01	 0.1572957994247276E+01	0.4315944079525477E+04 	 0.1497804131401378E+01
 0.2350000000000000E+01	 0.1578564569662541E+01	0.4427287518712577E+04 	 0.1503704832576353E+01
 0.2360000000000000E+01	 0.1584170121510369E+01	0.4541017423990386E+04 	 0.1509601963772194E+01
 0.2370000000000000E+01	 0.1589774654288824E+01	0.4657174580345400E+04 	 0.1515495561901102E+01
 0.2380000000000000E+01	 0.1595378172472561E+01	0.4775800293738428E+04 	 0.1521385663305215E+01
 0.2390000000000000E+01	 0.1600980680512761E+01	0.4896936395525660E+04 	 0.1527272303768038E+01
 0.2400000000000000E+01	 0.1606582182837127E+01	0.5020625246898388E+04 	 0.1533155518525578E+01
 0.2410000000000000E+01	 0.1612182683849714E+01	0.5146909743341500E+04 	 0.1539035342277212E+01
 0.2420000000000000E+01	 0.1617782187931117E+01	0.5275833319110551E+04 	 0.1544911809196301E+01
 0.2430000000000000E+01	 0.1623380699438312E+01	0.5407439951727653E+04 	 0.1550784952940538E+01
 0.2440000000000000E+01	 0.1628978222704652E+01	0.5541774166495948E+04 	 0.1556654806662050E+01
 0.2450000000000000E+01	 0.1634574762039924E+01	0.5678881041032876E+04 	 0.1562521403017267E+01
 0.2460000000000000E+01	 0.1640170321730490E+01	0.5818806209822026E+04 	 0.1568384774176545E+01
 0.2470000000000000E+01	 0.1645764906038953E+01	0.5961595868783809E+04 	 0.1574244951833570E+01
 0.2480000000000000E+01	 0.1651358519204406E+01	0.6107296779864684E+04 	 0.1580101967214538E+01
 0.2490000000000000E+01	 0.1656951165442642E+01	0.6255956275645217E+04 	 0.1585955851087115E+01
 0.2500000000000000E+01	 0.1662542848945630E+01	0.6407622263966706E+04 	 0.1591806633769197E+01
 0.2510000000000000E+01	 0.1668133573882182E+01	0.6562343232576622E+04 	 0.1597654345137456E+01
 0.2520000000000000E+01	 0.1673723344397649E+01	0.6720168253792618E+04 	 0.1603499014635696E+01
 0.2530000000000000E+01	 0.1679312164613983E+01	0.6881146989185352E+04 	 0.1609340671283014E+01
 0.2540000000000000E+01	 0.1684900038629711E+01	0.7045329694279894E+04 	 0.1615179343681766E+01
 0.2550000000000000E+01	 0.1690486970520318E+01	0.7212767223275953E+04 	 0.1621015060025367E+01
 0.2560000000000000E+01	 0.1696072964338111E+01	0.7383511033786615E+04 	 0.1626847848105896E+01
 0.2570000000000000E+01	 0.1701658024112127E+01	0.7557613191596015E+04 	 0.1632677735321538E+01
 0.2580000000000000E+01	 0.1707242153848423E+01	0.7735126375435469E+04 	 0.1638504748683856E+01
 0.2590000000000000E+01	 0.1712825357530106E+01	0.7916103881778442E+04 	 0.1644328914824900E+01
 0.2600000000000000E+01	 0.1718407639117321E+01	0.8100599629654184E+04 	 0.1650150260004151E+01
 0.2610000000000000E+01	 0.1723989002547394E+01	0.8288668165479990E+04 	 0.1655968810115320E+01
 0.2620000000000000E+01	 0.1729569451734823E+01	0.8480364667912312E+04 	 0.1661784590692987E+01
 0.2630000000000000E+01	 0.1735148990571506E+01	0.8675744952716339E+04 	 0.1667597626919094E+01
 0.2640000000000000E+01	 0.1740727622927013E+01	0.8874865477654486E+04 	 0.1673407943629301E+01
 0.2650000000000000E+01	 0.1746305352647994E+01	0.9077783347393452E+04 	 0.1679215565319195E+01
 0.2660000000000000E+01	 0.1751882183558920E+01	0.9284556318429994E+04 	 0.1685020516150367E+01
 0.2670000000000000E+01	 0.1757458119461866E+01	0.9495242804035428E+04 	 0.1690822819956354E+01
 0.2680000000000000E+01	 0.1763033164136795E+01	0.9709901879218780E+04 	 0.1696622500248456E+01
 0.2690000000000000E+01	 0.1768607321341514E+01	0.9928593285708670E+04 	 0.1702419580221421E+01
 0.2700000000000000E+01	 0.1774180594811736E+01	0.1015137743695387E+05 	 0.1708214082759013E+01
 0.2710000000000000E+01	 0.1779752988261331E+01	0.1037831542314249E+05 	 0.1714006030439457E+01
 0.2720000000000000E+01	 0.1785324505382409E+01	0.1060946901624009E+05 	 0.1719795445540771E+01
 0.2730000000000000E+01	 0.1790895149845259E+01	0.1084490067504609E+05 	 0.1725582350045978E+01
 0.2740000000000000E+01	 0.1796464925298628E+01	0.1108467355026935E+05 	 0.1731366765648217E+01
 0.2750000000000000E+01	 0.1802033835369841E+01	0.1132885148962196E+05 	 0.1737148713755734E+01
 0.2760000000000000E+01	 0.1807601883664601E+01	0.1157749904293215E+05 	 0.1742928215496781E+01
 0.2770000000000000E+01	 0.1813169073767476E+01	0.1183068146727560E+05 	 0.1748705291724399E+01
 0.2780000000000000E+01	 0.1818735409241924E+01	0.1208846473212560E+05 	 0.1754479963021112E+01
 0.2790000000000000E+01	 0.1824300893630366E+01	0.1235091552452181E+05 	 0.1760252249703516E+01
 0.2800000000000000E+01	 0.1829865530454053E+01	0.1261810125425781E+05 	 0.1766022171826777E+01
 0.2810000000000000E+01	 0.1835429323213574E+01	0.1289009005908716E+05 	 0.1771789749189033E+01
 0.2820000000000000E+01	 0.1840992275388767E+01	0.1316695080994852E+05 	 0.1777555001335708E+01
 0.2830000000000000E+01	 0.1846554390438932E+01	0.1344875311620899E+05 	 0.1783317947563736E+01
 0.2840000000000000E+01	 0.1852115671802794E+01	0.1373556733092651E+05 	 0.1789078606925698E+01
 0.2850000000000000E+01	 0.1857676122898689E+01	0.1402746455613079E+05 	 0.1794836998233874E+01
 0.2860000000000000E+01	 0.1863235747124711E+01	0.1432451664812293E+05 	 0.1800593140064220E+01
 0.2870000000000000E+01	 0.1868794547858865E+01	0.1462679622279391E+05 	 0.1806347050760251E+01
 0.2880000000000000E+01	 0.1874352528459206E+01	0.1493437666096140E+05 	 0.1812098748436860E+01
 0.2890000000000000E+01	 0.1879909692263579E+01	0.1524733211372575E+05 	 0.1817848250984051E+01
 0.2900000000000000E+01	 0.1885466042590412E+01	0.1556573750784425E+05 	 0.1823595576070602E+01
 0.2910000000000000E+01	 0.1891021582738248E+01	0.1588966855112433E+05 	 0.1829340741147649E+01
 0.2920000000000000E+01	 0.1896576315986138E+01	0.1621920173783535E+05 	 0.1835083763452211E+01
 0.2930000000000000E+01	 0.1902130245593654E+01	0.1655441435413916E+05 	 0.1840824660010628E+01
 0.2940000000000000E+01	 0.1907683374800993E+01	0.1689538448353924E+05 	 0.1846563447641948E+01
 0.2950000000000000E+01	 0.1913235706829518E+01	0.1724219101234868E+05 	 0.1852300142961237E+01
 0.2960000000000000E+01	 0.1918787244881017E+01	0.1759491363517664E+05 	 0.1858034762382826E+01
 0.2970000000000000E+01	 0.1924337992138642E+01	0.1795363286043386E+05 	 0.1863767322123500E+01
 0.2980000000000000E+01	 0.1929887951766414E+01	0.1831843001585639E+05 	 0.1869497838205615E+01
 0.2990000000000000E+01	 0.1935437126910244E+01	0.1868938725404846E+05 	 0.1875226326460166E+01
 0.3000000000000000E+01	 0.1940985520696797E+01	0.1906658755804375E+05 	 0.1880952802529788E+01
 0.3010000000000000E+01	 0.1946533136234394E+01	0.1945011474688549E+05 	 0.1886677281871701E+01
 0.3020000000000000E+01	 0.1952079976613264E+01	0.1984005348122520E+05 	 0.1892399779760599E+01
 0.3030000000000000E+01	 0.1957626044905088E+01	0.2023648926894014E+05 	 0.1898120311291488E+01
 0.3040000000000000E+01	 0.1963171344163506E+01	0.2063950847076948E+05 	 0.1903838891382459E+01
 0.3050000000000000E+01	 0.1968715877424286E+01	0.2104919830596913E+05 	 0.1909555534777421E+01
 0.3060000000000000E+01	 0.1974259647705117E+01	0.2146564685798516E+05 	 0.1915270256048775E+01
 0.3070000000000000E+01	 0.1979802658005883E+01	0.2188894308014630E+05 	 0.1920983069600038E+01
 0.3080000000000000E+01	 0.1985344911309071E+01	0.2231917680137453E+05 	 0.1926693989668420E+01
 0.3090000000000000E+01	 0.1990886410579319E+01	0.2275643873191488E+05 	 0.1932403030327352E+01
 0.3100000000000000E+01	 0.1996427158764137E+01	0.2320082046908382E+05 	 0.1938110205488969E+01
 0.3110000000000000E+01	 0.2001967158793326E+01	0.2365241450303595E+05 	 0.1943815528906538E+01
 0.3120000000000000E+01	 0.2007506413579704E+01	0.2411131422255009E+05 	 0.1949519014176854E+01
 0.3130000000000000E+01	 0.2013044926019283E+01	0.2457761392083327E+05 	 0.1955220674742583E+01
 0.3140000000000000E+01	 0.2018582698990451E+01	0.2505140880134413E+05 	 0.1960920523894565E+01
 0.3150000000000000E+01	 0.2024119735355361E+01	0.2553279498363454E+05 	 0.1966618574774069E+01
 0.3160000000000000E+01	 0.2029656037959211E+01	0.2602186950921010E+05 	 0.1972314840375023E+01
 0.3170000000000000E+01	 0.2035191609630280E+01	0.2651873034740927E+05 	 0.1978009333546177E+01
 0.3180000000000000E+01	 0.2040726453180641E+01	0.2702347640130132E+05 	 0.1983702066993259E+01
 0.3190000000000000E+01	 0.2046260571406169E+01	0.2753620751360269E+05 	 0.1989393053281060E+01
 0.3200000000000000E+01	 0.2051793967085930E+01	0.2805702447261256E+05 	 0.1995082304835504E+01
 0.3210000000000000E+01	 0.2057326642982980E+01	0.2858602901816634E+05 	 0.2000769833945671E+01
 0.3220000000000000E+01	 0.2062858601844550E+01	0.2912332384760878E+05 	 0.2006455652765789E+01
 0.3230000000000000E+01	 0.2068389846401546E+01	0.2966901262178487E+05 	 0.2012139773317184E+01
 0.3240000000000000E+01	 0.2073920379369397E+01	0.3022319997105015E+05 	 0.2017822207490195E+01
 0.3250000000000000E+01	 0.2079450203447434E+01	0.3078599150129929E+05 	 0.2023502967046070E+01
 0.3260000000000000E+01	 0.2084979321319445E+01	0.3135749380001354E+05 	 0.2029182063618804E+01
 0.3270000000000000E+01	 0.2090507735653888E+01	0.3193781444232678E+05 	 0.2034859508716969E+01
 0.3280000000000000E+01	 0.2096035449103513E+01	0.3252706199711037E+05 	 0.2040535313725492E+01
 0.3290000000000000E+01	 0.2101562464305927E+01	0.3312534603307659E+05 	 0.2046209489907417E+01
 0.3300000000000000E+01	 0.2107088783883470E+01	0.3373277712490090E+05 	 0.2051882048405623E+01
 0.3310000000000000E+01	 0.2112614410443371E+01	0.3434946685936260E+05 	 0.2057553000244524E+01
 0.3320000000000000E+01	 0.2118139346577834E+01	0.3497552784150479E+05 	 0.2063222356331735E+01
 0.3330000000000000E+01	 0.2123663594864440E+01	0.3561107370081216E+05 	 0.2068890127459704E+01
 0.3340000000000000E+01	 0.2129187157865569E+01	0.3625621909740826E+05 	 0.2074556324307323E+01
 0.3350000000000000E+01	 0.2134710038128941E+01	0.3691107972827119E+05 	 0.2080220957441508E+01
 0.3360000000000000E+01	 0.2140232238187843E+01	0.3757577233346759E+05 	 0.2085884037318754E+01
 0.3370000000000000E+01	 0.2145753760561349E+01	0.3825041470240607E+05 	 0.2091545574286662E+01
 0.3380000000000000E+01	 0.2151274607753424E+01	0.3893512568010869E+05 	 0.2097205578585437E+01
 0.3390000000000000E+01	 0.2156794782254437E+01	0.3963002517350153E+05 	 0.2102864060349368E+01
 0.3400000000000000E+01	 0.2162314286540133E+01	0.4033523415772366E+05 	 0.2108521029608276E+01
 0.3410000000000000E+01	 0.2167833123072504E+01	0.4105087468245508E+05 	 0.2114176496288941E+01
 0.3420000000000000E+01	 0.2173351294299180E+01	0.4177706987826318E+05 	 0.2119830470216505E+01
 0.3430000000000000E+01	 0.2178868802654248E+01	0.4251394396296794E+05 	 0.2125482961115849E+01
 0.3440000000000000E+01	 0.2184385650557855E+01	0.4326162224802568E+05 	 0.2131133978612950E+01
 0.3450000000000000E+01	 0.2189901840416331E+01	0.4402023114493205E+05 	 0.2136783532236218E+01
 0.3460000000000000E+01	 0.2195417374622377E+01	0.4478989817164271E+05 	 0.2142431631417796E+01
 0.3470000000000000E+01	 0.2200932255555722E+01	0.4557075195901397E+05 	 0.2148078285494862E+01
 0.3480000000000000E+01	 0.2206446485581705E+01	0.4636292225726081E+05 	 0.2153723503710890E+01
 0.3490000000000000E+01	 0.2211960067053431E+01	0.4716653994243471E+05 	 0.2159367295216899E+01
 0.3500000000000000E+01	 0.2217473002309975E+01	0.4798173702291951E+05 	 0.2165009669072681E+01
 0.3510000000000000E+01	 0.2222985293677632E+01	0.4880864664594619E+05 	 0.2170650634248003E+01
 0.3520000000000000E+01	 0.2228496943469547E+01	0.4964740310412628E+05 	 0.2176290199623801E+01
 0.3530000000000000E+01	 0.2234007953985962E+01	0.5049814184200410E+05 	 0.2181928373993342E+01
 0.3540000000000000E+01	 0.2239518327514221E+01	0.5136099946262730E+05 	 0.2187565166063377E+01
 0.3550000000000000E+01	 0.2245028066328961E+01	0.5223611373413692E+05 	 0.2193200584455267E+01
 0.3560000000000000E+01	 0.2250537172692092E+01	0.5312362359637491E+05 	 0.2198834637706101E+01
 0.3570000000000000E+01	 0.2256045648852905E+01	0.5402366916751178E+05 	 0.2204467334269782E+01
 0.3580000000000000E+01	 0.2261553497048206E+01	0.5493639175069148E+05 	 0.2210098682518113E+01
 0.3590000000000000E+01	 0.2267060719502442E+01	0.5586193384069621E+05 	 0.2215728690741849E+01
 0.3600000000000000E+01	 0.2272567318427566E+01	0.5680043913062936E+05 	 0.2221357367151745E+01
 0.3610000000000000E+01	 0.2278073296023581E+01	0.5775205251861685E+05 	 0.2226984719879576E+01
 0.3620000000000000E+01	 0.2283578654477904E+01	0.5871692011452785E+05 	 0.2232610756979156E+01
 0.3630000000000000E+01	 0.2289083395966243E+01	0.5969518924671374E+05 	 0.2238235486427321E+01
 0.3640000000000000E+01	 0.2294587522652332E+01	0.6068700846876583E+05 	 0.2243858916124916E+01
 0.3650000000000000E+01	 0.2300091036687619E+01	0.6169252756629194E+05 	 0.2249481053897756E+01
 0.3660000000000000E+01	 0.2305593940212159E+01	0.6271189756371139E+05 	 0.2255101907497570E+01
 0.3670000000000000E+01	 0.2311096235354054E+01	0.6374527073106895E+05 	 0.2260721484602939E+01
 0.3680000000000000E+01	 0.2316597924229707E+01	0.6479280059086745E+05 	 0.2266339792820212E+01
 0.3690000000000000E+01	 0.2322099008944045E+01	0.6585464192491866E+05 	 0.2271956839684410E+01
 0.3700000000000000E+01	 0.2327599491590425E+01	0.6693095078121388E+05 	 0.2277572632660120E+01
 0.3710000000000000E+01	 0.2333099374250983E+01	0.6802188448081177E+05 	 0.2283187179142365E+01
 0.3720000000000000E+01	 0.2338598658996283E+01	0.6912760162474627E+05 	 0.2288800486457476E+01
 0.3730000000000000E+01	 0.2344097347885704E+01	0.7024826210095234E+05 	 0.2294412561863934E+01
 0.3740000000000000E+01	 0.2349595442967423E+01	0.7138402709121074E+05 	 0.2300023412553213E+01
 0.3750000000000000E+01	 0.2355092946278581E+01	0.7253505907811134E+05 	 0.2305633045650599E+01
 0.3760000000000000E+01	 0.2360589859845339E+01	0.7370152185203529E+05 	 0.2311241468216005E+01
 0.3770000000000000E+01	 0.2366086185682823E+01	0.7488358051815587E+05 	 0.2316848687244770E+01
 0.3780000000000000E+01	 0.2371581925795231E+01	0.7608140150345778E+05 	 0.2322454709668448E+01
 0.3790000000000000E+01	 0.2377077082176097E+01	0.7729515256377523E+05 	 0.2328059542355578E+01
 0.3800000000000000E+01	 0.2382571656808138E+01	0.7852500279084950E+05 	 0.2333663192112454E+01
 0.3810000000000000E+01	 0.2388065651663471E+01	0.7977112261940340E+05 	 0.2339265665683875E+01
 0.3820000000000000E+01	 0.2393559529063547E+01	0.8103368383423642E+05 	 0.2344866969753885E+01
 0.3830000000000000E+01	 0.2399052369754176E+01	0.8231285957733729E+05 	 0.2350467110946502E+01
 0.3840000000000000E+01	 0.2404544636522679E+01	0.8360882435501563E+05 	 0.2356066095826444E+01
 0.3850000000000000E+01	 0.2410036331299621E+01	0.8492175404505256E+05 	 0.2361663930899830E+01
 0.3860000000000000E+01	 0.2415527456004923E+01	0.8625182590386912E+05 	 0.2367260622614882E+01
 0.3870000000000000E+01	 0.2421018012548244E+01	0.8759921857371464E+05 	 0.2372856177362610E+01
 0.3880000000000000E+01	 0.2426508002829312E+01	0.8896411208987278E+05 	 0.2378450601477495E+01
 0.3890000000000000E+01	 0.2431997428737521E+01	0.9034668788788682E+05 	 0.2384043901238151E+01
 0.3900000000000000E+01	 0.2437486292152474E+01	0.9174712881080330E+05 	 0.2389636082867987E+01
 0.3910000000000000E+01	 0.2442974594943864E+01	0.9316561911643471E+05 	 0.2395227152535854E+01
 0.3920000000000000E+01	 0.2448462338971409E+01	0.9460234448464026E+05 	 0.2400817116356683E+01
 0.3930000000000000E+01	 0.2453949526084874E+01	0.9605749202462655E+05 	 0.2406405980392118E+01
 0.3940000000000000E+01	 0.2459436158124638E+01	0.9753125028226511E+05 	 0.2411993750651131E+01
 0.3950000000000000E+01	 0.2464922236921121E+01	0.9902380924743084E+05 	 0.2417580433090643E+01
 0.3960000000000000E+01	 0.2470407764295406E+01	0.1005353603613567E+06 	 0.2423166033616114E+01
 0.3970000000000000E+01	 0.2475892742058787E+01	0.1020660965240095E+06 	 0.2428750558082152E+01
 0.3980000000000000E+01	 0.2481377172013328E+01	0.1036162121014824E+06 	 0.2434334012293086E+01
 0.3990000000000000E+01	 0.2486861055951385E+01	0.1051859029334077E+06 	 0.2439916402003552E+01
 0.4000000000000000E+01	 0.2492344395656433E+01	0.1067753663403870E+06 	 0.2445497732919057E+01
 0.4010000000000000E+01	 0.2497827192902175E+01	0.1083848011314407E+06 	 0.2451078010696544E+01
 0.4020000000000000E+01	 0.2503309449453456E+01	0.1100144076114766E+06 	 0.2456657240944943E+01
 0.4030000000000000E+01	 0.2508791167065834E+01	0.1116643875887759E+06 	 0.2462235429225716E+01
 0.4040000000000000E+01	 0.2514272347485808E+01	0.1133349443824995E+06 	 0.2467812581053396E+01
 0.4050000000000000E+01	 0.2519752992450679E+01	0.1150262828302120E+06 	 0.2473388701896117E+01
 0.4060000000000000E+01	 0.2525233103689085E+01	0.1167386092954243E+06 	 0.2478963797176138E+01
 0.4070000000000000E+01	 0.2530712682920611E+01	0.1184721316751553E+06 	 0.2484537872270355E+01
 0.4080000000000000E+01	 0.2536191731856121E+01	0.1202270594075123E+06 	 0.2490110932510814E+01
 0.4090000000000000E+01	 0.2541670252197268E+01	0.1220036034792901E+06 	 0.2495682983185206E+01
 0.4100000000000000E+01	 0.2547148245637678E+01	0.1238019764335886E+06 	 0.2501254029537368E+01
 0.4110000000000000E+01	 0.2552625713861580E+01	0.1256223923774488E+06 	 0.2506824076767768E+01
 0.4120000000000000E+01	 0.2558102658545272E+01	0.1274650669895082E+06 	 0.2512393130033982E+01
 0.4130000000000000E+01	 0.2563579081356000E+01	0.1293302175276748E+06 	 0.2517961194451174E+01
 0.4140000000000000E+01	 0.2569054983952681E+01	0.1312180628368188E+06 	 0.2523528275092561E+01
 0.4150000000000000E+01	 0.2574530367985800E+01	0.1331288233564847E+06 	 0.2529094376989873E+01
 0.4160000000000000E+01	 0.2580005235097532E+01	0.1350627211286202E+06 	 0.2534659505133811E+01
 0.4170000000000000E+01	 0.2585479586921767E+01	0.1370199798053252E+06 	 0.2540223664474492E+01
 0.4180000000000000E+01	 0.2590953425083983E+01	0.1390008246566196E+06 	 0.2545786859921895E+01
 0.4190000000000000E+01	 0.2596426751201381E+01	0.1410054825782279E+06 	 0.2551349096346298E+01
 0.4200000000000000E+01	 0.2601899566883300E+01	0.1430341820993846E+06 	 0.2556910378578705E+01
 0.4210000000000000E+01	 0.2607371873730747E+01	0.1450871533906578E+06 	 0.2562470711411274E+01
 0.4220000000000000E+01	 0.2612843673336556E+01	0.1471646282717903E+06 	 0.2568030099597735E+01
 0.4230000000000000E+01	 0.2618314967286097E+01	0.1492668402195617E+06 	 0.2573588547853808E+01
 0.4240000000000000E+01	 0.2623785757156273E+01	0.1513940243756656E+06 	 0.2579146060857602E+01
 0.4250000000000000E+01	 0.2629256044516281E+01	0.1535464175546101E+06 	 0.2584702643250028E+01
 0.4260000000000000E+01	 0.2634725830927595E+01	0.1557242582516329E+06 	 0.2590258299635189E+01
 0.4270000000000000E+01	 0.2640195117943542E+01	0.1579277866506377E+06 	 0.2595813034580777E+01
 0.4280000000000000E+01	 0.2645663907110341E+01	0.1601572446321473E+06 	 0.2601366852618453E+01
 0.4290000000000000E+01	 0.2651132199965760E+01	0.1624128757812775E+06 	 0.2606919758244238E+01
 0.4300000000000000E+01	 0.2656599998040686E+01	0.1646949253957289E+06 	 0.2612471755918886E+01
 0.4310000000000000E+01	 0.2662067302857858E+01	0.1670036404937956E+06 	 0.2618022850068252E+01
 0.4320000000000000E+01	 0.2667534115932782E+01	0.1693392698223953E+06 	 0.2623573045083663E+01
 0.4330000000000000E+01	 0.2673000438773400E+01	0.1717020638651169E+06 	 0.2629122345322279E+01
 0.4340000000000000E+01	 0.2678466272880229E+01	0.1740922748502865E+06 	 0.2634670755107452E+01
 0.4350000000000001E+01	 0.2683931619746508E+01	0.1765101567590526E+06 	 0.2640218278729078E+01
 0.4360000000000000E+01	 0.2689396480857860E+01	0.1789559653334893E+06 	 0.2645764920443943E+01
 0.4370000000000000E+01	 0.2694860857692735E+01	0.1814299580847196E+06 	 0.2651310684476070E+01
 0.4380000000000000E+01	 0.2700324751722673E+01	0.1839323943010562E+06 	 0.2656855575017056E+01
 0.4390000000000000E+01	 0.2705788164411714E+01	0.1864635350561606E+06 	 0.2662399596226410E+01
 0.4400000000000000E+01	 0.2711251097216612E+01	0.1890236432172224E+06 	 0.2667942752231878E+01
 0.4410000000000000E+01	 0.2716713551587054E+01	0.1916129834531560E+06 	 0.2673485047129776E+01
 0.4420000000000000E+01	 0.2722175528966400E+01	0.1942318222428166E+06 	 0.2679026484985308E+01
 0.4430000000000000E+01	 0.2727637030790037E+01	0.1968804278832354E+06 	 0.2684567069832885E+01
 0.4440000000000000E+01	 0.2733098058486751E+01	0.1995590704978718E+06 	 0.2690106805676442E+01
 0.4450000000000000E+01	 0.2738558613478726E+01	0.2022680220448858E+06 	 0.2695645696489740E+01
 0.4460000000000000E+01	 0.2744018697180693E+01	0.2050075563254287E+06 	 0.2701183746216684E+01
 0.4470000000000000E+01	 0.2749478311000979E+01	0.2077779489919525E+06 	 0.2706720958771616E+01
 0.4480000000000000E+01	 0.2754937456341110E+01	0.2105794775565384E+06 	 0.2712257338039616E+01
 0.4490000000000000E+01	 0.2760396134595621E+01	0.2134124213992415E+06 	 0.2717792887876798E+01
 0.4500000000000000E+01	 0.2765854347152592E+01	0.2162770617764594E+06 	 0.2723327612110602E+01
 0.4510000000000000E+01	 0.2771312095393495E+01	0.2191736818293136E+06 	 0.2728861514540077E+01
 0.4520000000000000E+01	 0.2776769380692635E+01	0.2221025665920538E+06 	 0.2734394598936171E+01
 0.4530000000000000E+01	 0.2782226204418575E+01	0.2250640030004783E+06 	 0.2739926869042004E+01
 0.4540000000000000E+01	 0.2787682567932968E+01	0.2280582799003756E+06 	 0.2745458328573154E+01
 0.4550000000000000E+01	 0.2793138472590625E+01	0.2310856880559818E+06 	 0.2750988981217921E+01
 0.4560000000000000E+01	 0.2798593919740505E+01	0.2341465201584599E+06 	 0.2756518830637603E+01
 0.4570000000000000E+01	 0.2804048910724909E+01	0.2372410708343939E+06 	 0.2762047880466761E+01
 0.4580000000000000E+01	 0.2809503446879777E+01	0.2403696366543056E+06 	 0.2767576134313483E+01
 0.4590000000000000E+01	 0.2814957529534627E+01	0.2435325161411875E+06 	 0.2773103595759641E+01
 0.4600000000000001E+01	 0.2820411160012936E+01	0.2467300097790555E+06 	 0.2778630268361157E+01
 0.4610000000000000E+01	 0.2825864339631859E+01	0.2499624200215192E+06 	 0.2784156155648243E+01
 0.4620000000000000E+01	 0.2831317069702102E+01	0.2532300513003721E+06 	 0.2789681261125664E+01
 0.4630000000000000E+01	 0.2836769351528520E+01	0.2565332100342012E+06 	 0.2795205588272981E+01
 0.4640000000000000E+01	 0.2842221186409855E+01	0.2598722046370119E+06 	 0.2800729140544794E+01
 0.4650000000000000E+01	 0.2847672575638728E+01	0.2632473455268755E+06 	 0.2806251921370987E+01
 0.4660000000000000E+01	 0.2853123520501211E+01	0.2666589451345929E+06 	 0.2811773934156964E+01
 0.4670000000000000E+01	 0.2858574022278023E+01	0.2701073179123780E+06 	 0.2817295182283890E+01
 0.4680000000000000E+01	 0.2864024082243737E+01	0.2735927803425603E+06 	 0.2822815669108917E+01
 0.4690000000000000E+01	 0.2869473701667087E+01	0.2771156509463048E+06 	 0.2828335397965420E+01
 0.4700000000000000E+01	 0.2874922881810416E+01	0.2806762502923504E+06 	 0.2833854372163222E+01
 0.4710000000000000E+01	 0.2880371623930909E+01	0.2842749010057701E+06 	 0.2839372594988819E+01
 0.4720000000000000E+01	 0.2885819929279219E+01	0.2879119277767459E+06 	 0.2844890069705604E+01
 0.4730000000000000E+01	 0.2891267799100814E+01	0.2915876573693651E+06 	 0.2850406799554086E+01
 0.4740000000000000E+01	 0.2896715234635304E+01	0.2953024186304330E+06 	 0.2855922787752103E+01
 0.4750000000000000E+01	 0.2902162237116061E+01	0.2990565424983084E+06 	 0.2861438037495044E+01
 0.4760000000000000E+01	 0.2907608807771566E+01	0.3028503620117517E+06 	 0.2866952551956052E+01
 0.4770000000000000E+01	 0.2913054947824212E+01	0.3066842123187979E+06 	 0.2872466334286244E+01
 0.4780000000000000E+01	 0.2918500658490500E+01	0.3105584306856433E+06 	 0.2877979387614907E+01
 0.4790000000000000E+01	 0.2923945940982042E+01	0.3144733565055545E+06 	 0.2883491715049708E+01
 0.4800000000000000E+01	 0.2929390796504454E+01	0.3184293313077937E+06 	 0.2889003319676898E+01
 0.4810000000000000E+01	 0.2934835226258116E+01	0.3224266987665653E+06 	 0.2894514204561508E+01
 0.4820000000000000E+01	 0.2940279231437516E+01	0.3264658047099759E+06 	 0.2900024372747547E+01
 0.4830000000000000E+01	 0.2945722813232210E+01	0.3305469971290210E+06 	 0.2905533827258200E+01
 0.4840000000000000E+01	 0.2951165972825834E+01	0.3346706261865833E+06 	 0.2911042571096017E+01
 0.4850000000000001E+01	 0.2956608711397087E+01	0.3388370442264532E+06 	 0.2916550607243107E+01
 0.4860000000000000E+01	 0.2962051030119274E+01	0.3430466057823663E+06 	 0.2922057938661324E+01
 0.4870000000000000E+01	 0.2967492930160262E+01	0.3472996675870620E+06 	 0.2927564568292455E+01
 0.4880000000000000E+01	 0.2972934412682467E+01	0.3515965885813587E+06 	 0.2933070499058402E+01
 0.4890000000000000E+01	 0.2978375478843689E+01	0.3559377299232476E+06 	 0.2938575733861368E+01
 0.4900000000000000E+01	 0.2983816129795694E+01	0.3603234549970068E+06 	 0.2944080275584033E+01
 0.4910000000000000E+01	 0.2989256366685734E+01	0.3647541294223320E+06 	 0.2949584127089733E+01
 0.4920000000000000E+01	 0.2994696190655713E+01	0.3692301210634881E+06 	 0.2955087291222637E+01
 0.4930000000000000E+01	 0.3000135602842230E+01	0.3737518000384790E+06 	 0.2960589770807920E+01
 0.4940000000000000E+01	 0.3005574604376948E+01	0.3783195387282338E+06 	 0.2966091568651937E+01
 0.4950000000000000E+01	 0.3011013196386680E+01	0.3829337117858140E+06 	 0.2971592687542387E+01
 0.4960000000000000E+01	 0.3016451379992953E+01	0.3875946961456400E+06 	 0.2977093130248489E+01
 0.4970000000000000E+01	 0.3021889156312104E+01	0.3923028710327339E+06 	 0.2982592899521142E+01
 0.4980000000000000E+01	 0.3027326526456172E+01	0.3970586179719827E+06 	 0.2988091998093095E+01
 0.4990000000000000E+01	 0.3032763491531405E+01	0.4018623207974192E+06 	 0.2993590428679101E+01
 0.5000000000000000E+01	 0.3038200052639972E+01	0.4067143656615225E+06 	 0.2999088193976087E+01
 0.5010000000000000E+01	 0.3043636210878851E+01	0.4116151410445380E+06 	 0.3004585296663309E+01
 0.5020000000000000E+01	 0.3049071967340151E+01	0.4165650377638126E+06 	 0.3010081739402505E+01
 0.5030000000000000E+01	 0.3054507323110887E+01	0.4215644489831516E+06 	 0.3015577524838058E+01
 0.5040000000000000E+01	 0.3059942279273726E+01	0.4266137702221950E+06 	 0.3021072655597145E+01
 0.5050000000000000E+01	 0.3065376836906325E+01	0.4317133993658091E+06 	 0.3026567134289886E+01
 0.5060000000000000E+01	 0.3070810997081823E+01	0.4368637366735016E+06 	 0.3032060963509505E+01
 0.5070000000000000E+01	 0.3076244760868595E+01	0.4420651847888473E+06 	 0.3037554145832464E+01
 0.5080000000000000E+01	 0.3081678129330042E+01	0.4473181487489443E+06 	 0.3043046683818623E+01
 0.5090000000000000E+01	 0.3087111103525442E+01	0.4526230359938778E+06 	 0.3048538580011377E+01
 0.5100000000000001E+01	 0.3092543684508916E+01	0.4579802563762090E+06 	 0.3054029836937806E+01
 0.5110000000000000E+01	 0.3097975873330301E+01	0.4633902221704786E+06 	 0.3059520457108810E+01
 0.5120000000000000E+01	 0.3103407671035125E+01	0.4688533480827355E+06 	 0.3065010443019256E+01
 0.5130000000000000E+01	 0.3108839078663708E+01	0.4743700512600768E+06 	 0.3070499797148113E+01
 0.5140000000000000E+01	 0.3114270097252512E+01	0.4799407513002080E+06 	 0.3075988521958593E+01
 0.5150000000000000E+01	 0.3119700727833082E+01	0.4855658702610294E+06 	 0.3081476619898284E+01
 0.5160000000000000E+01	 0.3125130971432713E+01	0.4912458326702279E+06 	 0.3086964093399287E+01
 0.5170000000000000E+01	 0.3130560829074410E+01	0.4969810655349018E+06 	 0.3092450944878348E+01
 0.5180000000000000E+01	 0.3135990301776414E+01	0.5027719983511914E+06 	 0.3097937176736991E+01
 0.5190000000000000E+01	 0.3141419390552543E+01	0.5086190631139400E+06 	 0.3103422791361645E+01
 0.5200000000000000E+01	 0.3146848096413018E+01	0.5145226943263626E+06 	 0.3108907791123777E+01
 0.5210000000000000E+01	 0.3152276420362748E+01	0.5204833290097414E+06 	 0.3114392178380018E+01
 0.5220000000000000E+01	 0.3157704363403127E+01	0.5265014067131379E+06 	 0.3119875955472289E+01
 0.5230000000000000E+01	 0.3163131926530732E+01	0.5325773695231212E+06 	 0.3125359124727925E+01
 0.5240000000000000E+01	 0.3168559110738114E+01	0.5387116620735168E+06 	 0.3130841688459802E+01
 0.5250000000000000E+01	 0.3173985917013692E+01	0.5449047315551745E+06 	 0.3136323648966453E+01
 0.5260000000000000E+01	 0.3179412346341461E+01	0.5511570277257561E+06 	 0.3141805008532197E+01
 0.5270000000000000E+01	 0.3184838399701571E+01	0.5574690029195370E+06 	 0.3147285769427251E+01
 0.5280000000000000E+01	 0.3190264078069339E+01	0.5638411120572319E+06 	 0.3152765933907855E+01
 0.5290000000000000E+01	 0.3195689382416975E+01	0.5702738126558374E+06 	 0.3158245504216383E+01
 0.5300000000000000E+01	 0.3201114313711632E+01	0.5767675648384923E+06 	 0.3163724482581463E+01
 0.5310000000000000E+01	 0.3206538872916908E+01	0.5833228313443557E+06 	 0.3169202871218093E+01
 0.5320000000000000E+01	 0.3211963060992188E+01	0.5899400775385067E+06 	 0.3174680672327748E+01
 0.5330000000000000E+01	 0.3217386878892816E+01	0.5966197714218632E+06 	 0.3180157888098499E+01
 0.5340000000000000E+01	 0.3222810327570225E+01	0.6033623836411132E+06 	 0.3185634520705122E+01
 0.5350000000000001E+01	 0.3228233407971738E+01	0.6101683874986742E+06 	 0.3191110572309208E+01
 0.5360000000000000E+01	 0.3233656121040616E+01	0.6170382589626611E+06 	 0.3196586045059269E+01
 0.5370000000000000E+01	 0.3239078467716629E+01	0.6239724766768840E+06 	 0.3202060941090851E+01
 0.5380000000000000E+01	 0.3244500448934843E+01	0.6309715219708515E+06 	 0.3207535262526637E+01
 0.5390000000000000E+01	 0.3249922065627258E+01	0.6380358788698065E+06 	 0.3213009011476554E+01
 0.5400000000000000E+01	 0.3255343318721535E+01	0.6451660341047720E+06 	 0.3218482190037877E+01
 0.5410000000000000E+01	 0.3260764209141632E+01	0.6523624771226117E+06 	 0.3223954800295331E+01
 0.5420000000000000E+01	 0.3266184737807494E+01	0.6596257000961257E+06 	 0.3229426844321196E+01
 0.5430000000000000E+01	 0.3271604905635646E+01	0.6669561979341484E+06 	 0.3234898324175408E+01
 0.5440000000000000E+01	 0.3277024713538231E+01	0.6743544682916699E+06 	 0.3240369241905655E+01
 0.5450000000000000E+01	 0.3282444162424060E+01	0.6818210115799792E+06 	 0.3245839599547483E+01
 0.5460000000000000E+01	 0.3287863253198053E+01	0.6893563309768264E+06 	 0.3251309399124388E+01
 0.5470000000000000E+01	 0.3293281986761463E+01	0.6969609324365990E+06 	 0.3256778642647919E+01
 0.5480000000000000E+01	 0.3298700364011969E+01	0.7046353247005184E+06 	 0.3262247332117767E+01
 0.5490000000000000E+01	 0.3304118385843090E+01	0.7123800193068563E+06 	 0.3267715469521868E+01
 0.5500000000000000E+01	 0.3309536053145408E+01	0.7201955306011740E+06 	 0.3273183056836491E+01
 0.5510000000000000E+01	 0.3314953366805083E+01	0.7280823757465682E+06 	 0.3278650096026338E+01
 0.5520000000000000E+01	 0.3320370327705273E+01	0.7360410747339508E+06 	 0.3284116589044629E+01
 0.5530000000000000E+01	 0.3325786936725082E+01	0.7440721503923341E+06 	 0.3289582537833196E+01
 0.5540000000000000E+01	 0.3331203194740290E+01	0.7521761283991416E+06 	 0.3295047944322579E+01
 0.5550000000000000E+01	 0.3336619102623098E+01	0.7603535372905398E+06 	 0.3300512810432108E+01
 0.5560000000000000E+01	 0.3342034661242307E+01	0.7686049084717821E+06 	 0.3305977138069998E+01
 0.5570000000000000E+01	 0.3347449871462814E+01	0.7769307762275730E+06 	 0.3311440929133429E+01
 0.5580000000000000E+01	 0.3352864734146125E+01	0.7853316777324547E+06 	 0.3316904185508643E+01
 0.5590000000000000E+01	 0.3358279250150490E+01	0.7938081530612110E+06 	 0.3322366909071022E+01
 0.5600000000000001E+01	 0.3363693420330547E+01	0.8023607451992892E+06 	 0.3327829101685180E+01
 0.5610000000000000E+01	 0.3369107245537298E+01	0.8109900000532328E+06 	 0.3333290765205040E+01
 0.5620000000000000E+01	 0.3374520726618933E+01	0.8196964664611532E+06 	 0.3338751901473923E+01
 0.5630000000000000E+01	 0.3379933864419519E+01	0.8284806962031999E+06 	 0.3344212512324631E+01
 0.5640000000000000E+01	 0.3385346659780055E+01	0.8373432440120558E+06 	 0.3349672599579526E+01
 0.5650000000000000E+01	 0.3390759113538129E+01	0.8462846675834579E+06 	 0.3355132165050616E+01
 0.5660000000000000E+01	 0.3396171226528192E+01	0.8553055275867252E+06 	 0.3360591210539623E+01
 0.5670000000000000E+01	 0.3401582999580950E+01	0.8644063876753175E+06 	 0.3366049737838084E+01
 0.5680000000000000E+01	 0.3406994433523936E+01	0.8735878144974002E+06 	 0.3371507748727409E+01
 0.5690000000000000E+01	 0.3412405529181764E+01	0.8828503777064406E+06 	 0.3376965244978970E+01
 0.5700000000000000E+01	 0.3417816287375130E+01	0.8921946499718115E+06 	 0.3382422228354179E+01
 0.5710000000000000E+01	 0.3423226708922204E+01	0.9016212069894191E+06 	 0.3387878700604555E+01
 0.5720000000000000E+01	 0.3428636794637096E+01	0.9111306274923540E+06 	 0.3393334663471815E+01
 0.5730000000000000E+01	 0.3434046545331364E+01	0.9207234932615525E+06 	 0.3398790118687934E+01
 0.5740000000000000E+01	 0.3439455961813052E+01	0.9304003891364743E+06 	 0.3404245067975229E+01
 0.5750000000000000E+01	 0.3444865044886893E+01	0.9401619030258156E+06 	 0.3409699513046428E+01
 0.5760000000000000E+01	 0.3450273795354889E+01	0.9500086259182245E+06 	 0.3415153455604747E+01
 0.5770000000000000E+01	 0.3455682214015314E+01	0.9599411518930387E+06 	 0.3420606897343959E+01
 0.5780000000000000E+01	 0.3461090301663831E+01	0.9699600781310443E+06 	 0.3426059839948466E+01
 0.5790000000000000E+01	 0.3466498059092653E+01	0.9800660049252578E+06 	 0.3431512285093369E+01
 0.5800000000000000E+01	 0.3471905487091012E+01	0.9902595356917165E+06 	 0.3436964234444545E+01
 0.5810000000000000E+01	 0.3477312586445035E+01	0.1000541276980293E+07 	 0.3442415689658707E+01
 0.5820000000000000E+01	 0.3482719357937667E+01	0.1010911838485529E+07 	 0.3447866652383476E+01
 0.5830000000000000E+01	 0.3488125802348990E+01	0.1021371833057491E+07 	 0.3453317124257454E+01
 0.5840000000000000E+01	 0.3493531920456061E+01	0.1031921876712633E+07 	 0.3458767106910287E+01
 0.5850000000000001E+01	 0.3498937713032656E+01	0.1042562588644693E+07 	 0.3464216601962734E+01
 0.5860000000000000E+01	 0.3504343180849442E+01	0.1053294591235593E+07 	 0.3469665611026728E+01
 0.5870000000000000E+01	 0.3509748324674769E+01	0.1064118510066376E+07 	 0.3475114135705452E+01
 0.5880000000000000E+01	 0.3515153145273152E+01	0.1075034973928138E+07 	 0.3480562177593396E+01
 0.5890000000000000E+01	 0.3520557643407149E+01	0.1086044614833006E+07 	 0.3486009738276421E+01
 0.5900000000000000E+01	 0.3525961819835234E+01	0.1097148068025109E+07 	 0.3491456819331831E+01
 0.5910000000000000E+01	 0.3531365675313840E+01	0.1108345971991582E+07 	 0.3496903422328426E+01
 0.5920000000000000E+01	 0.3536769210596102E+01	0.1119638968473591E+07 	 0.3502349548826572E+01
 0.5930000000000000E+01	 0.3542172426432396E+01	0.1131027702477370E+07 	 0.3507795200378262E+01
 0.5940000000000000E+01	 0.3547575323569941E+01	0.1142512822285272E+07 	 0.3513240378527175E+01
 0.5950000000000000E+01	 0.3552977902753589E+01	0.1154094979466849E+07 	 0.3518685084808737E+01
 0.5960000000000000E+01	 0.3558380164724774E+01	0.1165774828889952E+07 	 0.3524129320750185E+01
 0.5970000000000000E+01	 0.3563782110222599E+01	0.1177553028731835E+07 	 0.3529573087870625E+01
 0.5980000000000000E+01	 0.3569183739982793E+01	0.1189430240490295E+07 	 0.3535016387681090E+01
 0.5990000000000000E+01	 0.3574585054738908E+01	0.1201407128994817E+07 	 0.3540459221684598E+01
 0.6000000000000000E+01	 0.3579986055221152E+01	0.1213484362417747E+07 	 0.3545901591376216E+01
 0.6010000000000000E+01	 0.3585386742157375E+01	0.1225662612285479E+07 	 0.3551343498243110E+01
 0.6020000000000000E+01	 0.3590787116272614E+01	0.1237942553489663E+07 	 0.3556784943764610E+01
 0.6030000000000000E+01	 0.3596187178288681E+01	0.1250324864298427E+07 	 0.3562225929412257E+01
 0.6040000000000000E+01	 0.3601586928924961E+01	0.1262810226367624E+07 	 0.3567666456649870E+01
 0.6050000000000000E+01	 0.3606986368898444E+01	0.1275399324752097E+07 	 0.3573106526933595E+01
 0.6060000000000000E+01	 0.3612385498923162E+01	0.1288092847916959E+07 	 0.3578546141711959E+01
 0.6070000000000000E+01	 0.3617784319710251E+01	0.1300891487748888E+07 	 0.3583985302425930E+01
 0.6080000000000000E+01	 0.3623182831968096E+01	0.1313795939567453E+07 	 0.3589424010508967E+01
 0.6090000000000000E+01	 0.3628581036403298E+01	0.1326806902136450E+07 	 0.3594862267387076E+01
 0.6100000000000001E+01	 0.3633978933718542E+01	0.1339925077675262E+07 	 0.3600300074478860E+01
 0.6110000000000000E+01	 0.3639376524614853E+01	0.1353151171870218E+07 	 0.3605737433195577E+01
 0.6120000000000000E+01	 0.3644773809790283E+01	0.1366485893886010E+07 	 0.3611174344941185E+01
 0.6130000000000000E+01	 0.3650170789940038E+01	0.1379929956377091E+07 	 0.3616610811112402E+01
 0.6140000000000001E+01	 0.3655567465756996E+01	0.1393484075499108E+07 	 0.3622046833098750E+01
 0.6150000000000000E+01	 0.3660963837931808E+01	0.1407148970920352E+07 	 0.3627482412282609E+01
 0.6160000000000000E+01	 0.3666359907151624E+01	0.1420925365833232E+07 	 0.3632917550039271E+01
 0.6170000000000000E+01	 0.3671755674102040E+01	0.1434813986965754E+07 	 0.3638352247736981E+01
 0.6180000000000000E+01	 0.3677151139465263E+01	0.1448815564593033E+07 	 0.3643786506736994E+01
 0.6190000000000000E+01	 0.3682546303921774E+01	0.1462930832548817E+07 	 0.3649220328393624E+01
 0.6200000000000000E+01	 0.3687941168148917E+01	0.1477160528237028E+07 	 0.3654653714054286E+01
 0.6210000000000000E+01	 0.3693335732821330E+01	0.1491505392643320E+07 	 0.3660086665059552E+01
 0.6220000000000000E+01	 0.3698729998612332E+01	0.1505966170346672E+07 	 0.3665519182743195E+01
 0.6230000000000000E+01	 0.3704123966191199E+01	0.1520543609530983E+07 	 0.3670951268432235E+01
 0.6240000000000000E+01	 0.3709517636226201E+01	0.1535238461996673E+07 	 0.3676382923446988E+01
 0.6250000000000000E+01	 0.3714911009382128E+01	0.1550051483172347E+07 	 0.3681814149101114E+01
 0.6260000000000000E+01	 0.3720304086321859E+01	0.1564983432126436E+07 	 0.3687244946701659E+01
 0.6270000000000000E+01	 0.3725696867705311E+01	0.1580035071578868E+07 	 0.3692675317549105E+01
 0.6280000000000000E+01	 0.3731089354190750E+01	0.1595207167912768E+07 	 0.3698105262937411E+01
 0.6290000000000000E+01	 0.3736481546433488E+01	0.1610500491186169E+07 	 0.3703534784154062E+01
 0.6300000000000000E+01	 0.3741873445086732E+01	0.1625915815143741E+07 	 0.3708963882480110E+01
 0.6310000000000000E+01	 0.3747265050800653E+01	0.1641453917228538E+07 	 0.3714392559190224E+01
 0.6320000000000000E+01	 0.3752656364224079E+01	0.1657115578593763E+07 	 0.3719820815552723E+01
 0.6330000000000000E+01	 0.3758047386002789E+01	0.1672901584114569E+07 	 0.3725248652829632E+01
 0.6340000000000000E+01	 0.3763438116780559E+01	0.1688812722399844E+07 	 0.3730676072276717E+01
 0.6350000000000001E+01	 0.3768828557198284E+01	0.1704849785804050E+07 	 0.3736103075143529E+01
 0.6360000000000000E+01	 0.3774218707895336E+01	0.1721013570439059E+07 	 0.3741529662673447E+01
 0.6370000000000000E+01	 0.3779608569507948E+01	0.1737304876186011E+07 	 0.3746955836103720E+01
 0.6380000000000000E+01	 0.3784998142670630E+01	0.1753724506707203E+07 	 0.3752381596665509E+01
 0.6390000000000001E+01	 0.3790387428015638E+01	0.1770273269457983E+07 	 0.3757806945583928E+01
 0.6400000000000000E+01	 0.3795776426172423E+01	0.1786951975698662E+07 	 0.3763231884078084E+01
 0.6410000000000000E+01	 0.3801165137768796E+01	0.1803761440506456E+07 	 0.3768656413361116E+01
 0.6420000000000000E+01	 0.3806553563430008E+01	0.1820702482787441E+07 	 0.3774080534640240E+01
 0.6430000000000000E+01	 0.3811941703778770E+01	0.1837775925288525E+07 	 0.3779504249116785E+01
 0.6440000000000000E+01	 0.3817329559435822E+01	0.1854982594609437E+07 	 0.3784927557986233E+01
 0.6450000000000000E+01	 0.3822717131020155E+01	0.1872323321214738E+07 	 0.3790350462438258E+01
 0.6460000000000000E+01	 0.3828104419147981E+01	0.1889798939445860E+07 	 0.3795772963656768E+01
 0.6470000000000000E+01	 0.3833491424433433E+01	0.1907410287533139E+07 	 0.3801195062819937E+01
 0.6480000000000000E+01	 0.3838878147488305E+01	0.1925158207607896E+07 	 0.3806616761100250E+01
 0.6490000000000000E+01	 0.3844264588922364E+01	0.1943043545714507E+07 	 0.3812038059664536E+01
 0.6500000000000000E+01	 0.3849650749343776E+01	0.1961067151822528E+07 	 0.3817458959674009E+01
 0.6510000000000000E+01	 0.3855036629357476E+01	0.1979229879838794E+07 	 0.3822879462284303E+01
 0.6520000000000000E+01	 0.3860422229567087E+01	0.1997532587619581E+07 	 0.3828299568645508E+01
 0.6530000000000000E+01	 0.3865807550573553E+01	0.2015976136982753E+07 	 0.3833719279902211E+01
 0.6540000000000000E+01	 0.3871192592976064E+01	0.2034561393719945E+07 	 0.3839138597193526E+01
 0.6550000000000000E+01	 0.3876577357371279E+01	0.2053289227608764E+07 	 0.3844557521653137E+01
 0.6560000000000000E+01	 0.3881961844354806E+01	0.2072160512425006E+07 	 0.3849976054409326E+01
 0.6570000000000000E+01	 0.3887346054518612E+01	0.2091176125954877E+07 	 0.3855394196585015E+01
 0.6580000000000000E+01	 0.3892729988453830E+01	0.2110336950007265E+07 	 0.3860811949297799E+01
 0.6590000000000000E+01	 0.3898113646748810E+01	0.2129643870426006E+07 	 0.3866229313659978E+01
 0.6600000000000001E+01	 0.3903497029990272E+01	0.2149097777102167E+07 	 0.3871646290778596E+01
 0.6610000000000000E+01	 0.3908880138762598E+01	0.2168699563986366E+07 	 0.3877062881755471E+01
 0.6620000000000000E+01	 0.3914262973648125E+01	0.2188450129101098E+07 	 0.3882479087687234E+01
 0.6630000000000000E+01	 0.3919645535227498E+01	0.2208350374553083E+07 	 0.3887894909665356E+01
 0.6640000000000001E+01	 0.3925027824079036E+01	0.2228401206545624E+07 	 0.3893310348776188E+01
 0.6650000000000000E+01	 0.3930409840778876E+01	0.2248603535391001E+07 	 0.3898725406100989E+01
 0.6660000000000000E+01	 0.3935791585901922E+01	0.2268958275522873E+07 	 0.3904140082715965E+01
 0.6670000000000000E+01	 0.3941173060019907E+01	0.2289466345508691E+07 	 0.3909554379692292E+01
 0.6680000000000000E+01	 0.3946554263703371E+01	0.2310128668062155E+07 	 0.3914968298096159E+01
 0.6690000000000000E+01	 0.3951935197521092E+01	0.2330946170055657E+07 	 0.3920381838988791E+01
 0.6700000000000000E+01	 0.3957315862038919E+01	0.2351919782532769E+07 	 0.3925795003426489E+01
 0.6710000000000000E+01	 0.3962696257821968E+01	0.2373050440720730E+07 	 0.3931207792460653E+01
 0.6720000000000000E+01	 0.3968076385432282E+01	0.2394339084042979E+07 	 0.3936620207137821E+01
 0.6730000000000000E+01	 0.3973456245430933E+01	0.2415786656131670E+07 	 0.3942032248499697E+01
 0.6740000000000000E+01	 0.3978835838376251E+01	0.2437394104840233E+07 	 0.3947443917583177E+01
 0.6750000000000000E+01	 0.3984215164824992E+01	0.2459162382255948E+07 	 0.3952855215420390E+01
 0.6760000000000000E+01	 0.3989594225332197E+01	0.2481092444712534E+07 	 0.3958266143038717E+01
 0.6770000000000000E+01	 0.3994973020450684E+01	0.2503185252802755E+07 	 0.3963676701460831E+01
 0.6780000000000000E+01	 0.4000351550731402E+01	0.2525441771391043E+07 	 0.3969086891704719E+01
 0.6790000000000000E+01	 0.4005729816723570E+01	0.2547862969626162E+07 	 0.3974496714783715E+01
 0.6800000000000000E+01	 0.4011107818974779E+01	0.2570449820953850E+07 	 0.3979906171706531E+01
 0.6810000000000000E+01	 0.4016485558030091E+01	0.2593203303129523E+07 	 0.3985315263477283E+01
 0.6820000000000000E+01	 0.4021863034432825E+01	0.2616124398230960E+07 	 0.3990723991095522E+01
 0.6830000000000000E+01	 0.4027240248725433E+01	0.2639214092671041E+07 	 0.3996132355556258E+01
 0.6840000000000000E+01	 0.4032617201447137E+01	0.2662473377210469E+07 	 0.4001540357849996E+01
 0.6850000000000001E+01	 0.4037993893136399E+01	0.2685903246970546E+07 	 0.4006947998962763E+01
 0.6860000000000000E+01	 0.4043370324329558E+01	0.2709504701445936E+07 	 0.4012355279876123E+01
 0.6870000000000000E+01	 0.4048746495560453E+01	0.2733278744517466E+07 	 0.4017762201567226E+01
 0.6880000000000000E+01	 0.4054122407362086E+01	0.2757226384464946E+07 	 0.4023168765008818E+01
 0.6890000000000001E+01	 0.4059498060265361E+01	0.2781348633979994E+07 	 0.4028574971169278E+01
 0.6900000000000000E+01	 0.4064873454798891E+01	0.2805646510178892E+07 	 0.4033980821012642E+01
 0.6910000000000000E+01	 0.4070248591490005E+01	0.2830121034615452E+07 	 0.4039386315498625E+01
 0.6920000000000000E+01	 0.4075623470864659E+01	0.2854773233293914E+07 	 0.4044791455582660E+01
 0.6930000000000000E+01	 0.4080998093446026E+01	0.2879604136681850E+07 	 0.4050196242215910E+01
 0.6940000000000000E+01	 0.4086372459756264E+01	0.2904614779723083E+07 	 0.4055600676345308E+01
 0.6950000000000000E+01	 0.4091746570315697E+01	0.2929806201850642E+07 	 0.4061004758913568E+01
 0.6960000000000000E+01	 0.4097120425642435E+01	0.2955179446999727E+07 	 0.4066408490859228E+01
 0.6970000000000000E+01	 0.4102494026253200E+01	0.2980735563620681E+07 	 0.4071811873116659E+01
 0.6980000000000000E+01	 0.4107867372663439E+01	0.3006475604692006E+07 	 0.4077214906616105E+01
 0.6990000000000000E+01	 0.4113240465386411E+01	0.3032400627733371E+07 	 0.4082617592283697E+01
 0.7000000000000000E+01	 0.4118613304933099E+01	0.3058511694818650E+07 	 0.4088019931041481E+01
 0.7010000000000000E+01	 0.4123985891814060E+01	0.3084809872588995E+07 	 0.4093421923807452E+01
 0.7020000000000000E+01	 0.4129358226537068E+01	0.3111296232265900E+07 	 0.4098823571495564E+01
 0.7030000000000000E+01	 0.4134730309608694E+01	0.3137971849664292E+07 	 0.4104224875015762E+01
 0.7040000000000000E+01	 0.4140102141534040E+01	0.3164837805205652E+07 	 0.4109625835274011E+01
 0.7050000000000000E+01	 0.4145473722815880E+01	0.3191895183931151E+07 	 0.4115026453172309E+01
 0.7060000000000000E+01	 0.4150845053955809E+01	0.3219145075514799E+07 	 0.4120426729608721E+01
 0.7070000000000000E+01	 0.4156216135453723E+01	0.3246588574276593E+07 	 0.4125826665477396E+01
 0.7080000000000000E+01	 0.4161586967808245E+01	0.3274226779195742E+07 	 0.4131226261668597E+01
 0.7090000000000000E+01	 0.4166957551515512E+01	0.3302060793923855E+07 	 0.4136625519068714E+01
 0.7100000000000001E+01	 0.4172327887070336E+01	0.3330091726798160E+07 	 0.4142024438560301E+01
 0.7110000000000000E+01	 0.4177697974966028E+01	0.3358320690854755E+07 	 0.4147423021022087E+01
 0.7120000000000000E+01	 0.4183067815694441E+01	0.3386748803841881E+07 	 0.4152821267329005E+01
 0.7130000000000000E+01	 0.4188437409745892E+01	0.3415377188233197E+07 	 0.4158219178352217E+01
 0.7140000000000001E+01	 0.4193806757608477E+01	0.3444206971241068E+07 	 0.4163616754959125E+01
 0.7150000000000000E+01	 0.4199175859769190E+01	0.3473239284829896E+07 	 0.4169013998013408E+01
 0.7160000000000000E+01	 0.4204544716713452E+01	0.3502475265729473E+07 	 0.4174410908375034E+01
 0.7170000000000000E+01	 0.4209913328924853E+01	0.3531916055448298E+07 	 0.4179807486900286E+01
 0.7180000000000000E+01	 0.4215281696885580E+01	0.3561562800286997E+07 	 0.4185203734441785E+01
 0.7190000000000000E+01	 0.4220649821075940E+01	0.3591416651351689E+07 	 0.4190599651848508E+01
 0.7200000000000000E+01	 0.4226017701975413E+01	0.3621478764567395E+07 	 0.4195995239965812E+01
 0.7210000000000000E+01	 0.4231385340061319E+01	0.3651750300691495E+07 	 0.4201390499635455E+01
 0.7220000000000000E+01	 0.4236752735809544E+01	0.3682232425327162E+07 	 0.4206785431695615E+01
 0.7230000000000000E+01	 0.4242119889694345E+01	0.3712926308936821E+07 	 0.4212180036980915E+01
 0.7240000000000000E+01	 0.4247486802188699E+01	0.3743833126855655E+07 	 0.4217574316322443E+01
 0.7250000000000000E+01	 0.4252853473764068E+01	0.3774954059305103E+07 	 0.4222968270547769E+01
 0.7260000000000000E+01	 0.4258219904890135E+01	0.3806290291406393E+07 	 0.4228361900480968E+01
 0.7270000000000000E+01	 0.4263586096034911E+01	0.3837843013194064E+07 	 0.4233755206942644E+01
 0.7280000000000000E+01	 0.4268952047665610E+01	0.3869613419629548E+07 	 0.4239148190749941E+01
 0.7290000000000000E+01	 0.4274317760247512E+01	0.3901602710614755E+07 	 0.4244540852716577E+01
 0.7300000000000000E+01	 0.4279683234244081E+01	0.3933812091005644E+07 	 0.4249933193652847E+01
 0.7310000000000000E+01	 0.4285048470118127E+01	0.3966242770625882E+07 	 0.4255325214365659E+01
 0.7320000000000000E+01	 0.4290413468329875E+01	0.3998895964280440E+07 	 0.4260716915658542E+01
 0.7330000000000000E+01	 0.4295778229339599E+01	0.4031772891769285E+07 	 0.4266108298331671E+01
 0.7340000000000000E+01	 0.4301142753604067E+01	0.4064874777901022E+07 	 0.4271499363181888E+01
 0.7350000000000001E+01	 0.4306507041580433E+01	0.4098202852506618E+07 	 0.4276890111002713E+01
 0.7360000000000000E+01	 0.4311871093723984E+01	0.4131758350453087E+07 	 0.4282280542584375E+01
 0.7370000000000000E+01	 0.4317234910487660E+01	0.4165542511657232E+07 	 0.4287670658713819E+01
 0.7380000000000000E+01	 0.4322598492323801E+01	0.4199556581099401E+07 	 0.4293060460174734E+01
 0.7390000000000001E+01	 0.4327961839683105E+01	0.4233801808837253E+07 	 0.4298449947747568E+01
 0.7400000000000000E+01	 0.4333324953014648E+01	0.4268279450019524E+07 	 0.4303839122209545E+01
 0.7410000000000000E+01	 0.4338687832766703E+01	0.4302990764899854E+07 	 0.4309227984334687E+01
 0.7420000000000000E+01	 0.4344050479385470E+01	0.4337937018850615E+07 	 0.4314616534893826E+01
 0.7430000000000000E+01	 0.4349412893315918E+01	0.4373119482376728E+07 	 0.4320004774654634E+01
 0.7440000000000000E+01	 0.4354775075001289E+01	0.4408539431129556E+07 	 0.4325392704381628E+01
 0.7450000000000000E+01	 0.4360137024884648E+01	0.4444198145920751E+07 	 0.4330780324836192E+01
 0.7460000000000000E+01	 0.4365498743406050E+01	0.4480096912736188E+07 	 0.4336167636776605E+01
 0.7470000000000000E+01	 0.4370860231005373E+01	0.4516237022749847E+07 	 0.4341554640958039E+01
 0.7480000000000000E+01	 0.4376221488120740E+01	0.4552619772337780E+07 	 0.4346941338132595E+01
 0.7490000000000000E+01	 0.4381582515188647E+01	0.4589246463092045E+07 	 0.4352327729049309E+01
 0.7500000000000000E+01	 0.4386943312644221E+01	0.4626118401834686E+07 	 0.4357713814454176E+01
 0.7510000000000000E+01	 0.4392303880921786E+01	0.4663236900631728E+07 	 0.4363099595090159E+01
 0.7520000000000000E+01	 0.4397664220453977E+01	0.4700603276807194E+07 	 0.4368485071697217E+01
 0.7530000000000000E+01	 0.4403024331671988E+01	0.4738218852957114E+07 	 0.4373870245012313E+01
 0.7540000000000000E+01	 0.4408384215005503E+01	0.4776084956963587E+07 	 0.4379255115769434E+01
 0.7550000000000000E+01	 0.4413743870883605E+01	0.4814202922008852E+07 	 0.4384639684699608E+01
 0.7560000000000000E+01	 0.4419103299732997E+01	0.4852574086589380E+07 	 0.4390023952530922E+01
 0.7570000000000000E+01	 0.4424462501980136E+01	0.4891199794529933E+07 	 0.4395407919988530E+01
 0.7580000000000000E+01	 0.4429821478049196E+01	0.4930081394997751E+07 	 0.4400791587794682E+01
 0.7590000000000000E+01	 0.4435180228363848E+01	0.4969220242516660E+07 	 0.4406174956668734E+01
 0.7600000000000001E+01	 0.4440538753345840E+01	0.5008617696981227E+07 	 0.4411558027327160E+01
 0.7610000000000000E+01	 0.4445897053415891E+01	0.5048275123670947E+07 	 0.4416940800483572E+01
 0.7620000000000000E+01	 0.4451255128993859E+01	0.5088193893264453E+07 	 0.4422323276848742E+01
 0.7630000000000000E+01	 0.4456612980496999E+01	0.5128375381853712E+07 	 0.4427705457130604E+01
 0.7640000000000001E+01	 0.4461970608342777E+01	0.5168820970958279E+07 	 0.4433087342034280E+01
 0.7650000000000000E+01	 0.4467328012946775E+01	0.5209532047539529E+07 	 0.4438468932262097E+01
 0.7660000000000000E+01	 0.4472685194722991E+01	0.5250510004014960E+07 	 0.4443850228513590E+01
 0.7670000000000000E+01	 0.4478042154084373E+01	0.5291756238272448E+07 	 0.4449231231485530E+01
 0.7680000000000000E+01	 0.4483398891442878E+01	0.5333272153684590E+07 	 0.4454611941871937E+01
 0.7690000000000000E+01	 0.4488755407208474E+01	0.5375059159123020E+07 	 0.4459992360364085E+01
 0.7700000000000000E+01	 0.4494111701791214E+01	0.5417118668972733E+07 	 0.4465372487650534E+01
 0.7710000000000000E+01	 0.4499467775598454E+01	0.5459452103146495E+07 	 0.4470752324417127E+01
 0.7720000000000000E+01	 0.4504823629037546E+01	0.5502060887099207E+07 	 0.4476131871347020E+01
 0.7730000000000000E+01	 0.4510179262513006E+01	0.5544946451842294E+07 	 0.4481511129120685E+01
 0.7740000000000000E+01	 0.4515534676429969E+01	0.5588110233958140E+07 	 0.4486890098415932E+01
 0.7750000000000000E+01	 0.4520889871191339E+01	0.5631553675614540E+07 	 0.4492268779907922E+01
 0.7760000000000000E+01	 0.4526244847198790E+01	0.5675278224579151E+07 	 0.4497647174269178E+01
 0.7770000000000000E+01	 0.4531599604852460E+01	0.5719285334233955E+07 	 0.4503025282169602E+01
 0.7780000000000000E+01	 0.4536954144552553E+01	0.5763576463589772E+07 	 0.4508403104276491E+01
 0.7790000000000000E+01	 0.4542308466696755E+01	0.5808153077300786E+07 	 0.4513780641254546E+01
 0.7800000000000000E+01	 0.4547662571682091E+01	0.5853016645679045E+07 	 0.4519157893765890E+01
 0.7810000000000000E+01	 0.4553016459904689E+01	0.5898168644709058E+07 	 0.4524534862470081E+01
 0.7820000000000000E+01	 0.4558370131758732E+01	0.5943610556062327E+07 	 0.4529911548024128E+01
 0.7830000000000000E+01	 0.4563723587637829E+01	0.5989343867111954E+07 	 0.4535287951082496E+01
 0.7840000000000000E+01	 0.4569076827934101E+01	0.6035370070947262E+07 	 0.4540664072297131E+01
 0.7850000000000001E+01	 0.4574429853038914E+01	0.6081690666388410E+07 	 0.4546039912317468E+01
 0.7860000000000000E+01	 0.4579782663341589E+01	0.6128307158001029E+07 	 0.4551415471790443E+01
 0.7870000000000000E+01	 0.4585135259231155E+01	0.6175221056110903E+07 	 0.4556790751360508E+01
 0.7880000000000000E+01	 0.4590487641095022E+01	0.6222433876818655E+07 	 0.4562165751669645E+01
 0.7890000000000001E+01	 0.4595839809320083E+01	0.6269947142014451E+07 	 0.4567540473357381E+01
 0.7900000000000000E+01	 0.4601191764290966E+01	0.6317762379392680E+07 	 0.4572914917060793E+01
 0.7910000000000000E+01	 0.4606543506392130E+01	0.6365881122466761E+07 	 0.4578289083414530E+01
 0.7920000000000000E+01	 0.4611895036006548E+01	0.6414304910583862E+07 	 0.4583662973050825E+01
 0.7930000000000001E+01	 0.4617246353515578E+01	0.6463035288939675E+07 	 0.4589036586599499E+01
 0.7940000000000000E+01	 0.4622597459300284E+01	0.6512073808593217E+07 	 0.4594409924687985E+01
 0.7950000000000000E+01	 0.4627948353740365E+01	0.6561422026481660E+07 	 0.4599782987941331E+01
 0.7960000000000000E+01	 0.4633299037213452E+01	0.6611081505435157E+07 	 0.4605155776982222E+01
 0.7970000000000000E+01	 0.4638649510098102E+01	0.6661053814191667E+07 	 0.4610528292430984E+01
 0.7980000000000000E+01	 0.4643999772769531E+01	0.6711340527411876E+07 	 0.4615900534905602E+01
 0.7990000000000000E+01	 0.4649349825602726E+01	0.6761943225694040E+07 	 0.4621272505021729E+01
 0.8000000000000000E+01	 0.4654699668972231E+01	0.6812863495588914E+07 	 0.4626644203392698E+01
 0.8010000000000000E+01	 0.4660049303251183E+01	0.6864102929614686E+07 	 0.4632015630629538E+01
 0.8020000000000000E+01	 0.4665398728810521E+01	0.6915663126271917E+07 	 0.4637386787340983E+01
 0.8029999999999999E+01	 0.4670747946021521E+01	0.6967545690058484E+07 	 0.4642757674133484E+01
 0.8040000000000001E+01	 0.4676096955253480E+01	0.7019752231484610E+07 	 0.4648128291611221E+01
 0.8050000000000001E+01	 0.4681445756875072E+01	0.7072284367087792E+07 	 0.4653498640376117E+01
 0.8060000000000000E+01	 0.4686794351253520E+01	0.7125143719447917E+07 	 0.4658868721027845E+01
 0.8070000000000000E+01	 0.4692142738755456E+01	0.7178331917202213E+07 	 0.4664238534163846E+01
 0.8080000000000000E+01	 0.4697490919746184E+01	0.7231850595060362E+07 	 0.4669608080379333E+01
 0.8090000000000000E+01	 0.4702838894589569E+01	0.7285701393819562E+07 	 0.4674977360267310E+01
 0.8100000000000000E+01	 0.4708186663649215E+01	0.7339885960379601E+07 	 0.4680346374418581E+01
 0.8109999999999999E+01	 0.4713534227286887E+01	0.7394405947758004E+07 	 0.4685715123421757E+01
 0.8120000000000001E+01	 0.4718881585863883E+01	0.7449263015105155E+07 	 0.4691083607863272E+01
 0.8130000000000001E+01	 0.4724228739739979E+01	0.7504458827719419E+07 	 0.4696451828327395E+01
 0.8140000000000001E+01	 0.4729575689274236E+01	0.7559995057062347E+07 	 0.4701819785396236E+01
 0.8150000000000000E+01	 0.4734922434824712E+01	0.7615873380773865E+07 	 0.4707187479649760E+01
 0.8160000000000000E+01	 0.4740268976748069E+01	0.7672095482687469E+07 	 0.4712554911665803E+01
 0.8170000000000000E+01	 0.4745615315400394E+01	0.7728663052845430E+07 	 0.4717922082020071E+01
 0.8180000000000000E+01	 0.4750961451136299E+01	0.7785577787514087E+07 	 0.4723288991286164E+01
 0.8190000000000000E+01	 0.4756307384309618E+01	0.7842841389199077E+07 	 0.4728655640035577E+01
 0.8199999999999999E+01	 0.4761653115273099E+01	0.7900455566660611E+07 	 0.4734022028837714E+01
 0.8210000000000001E+01	 0.4766998644378792E+01	0.7958422034928813E+07 	 0.4739388158259903E+01
 0.8220000000000001E+01	 0.4772343971977066E+01	0.8016742515318978E+07 	 0.4744754028867396E+01
 0.8230000000000000E+01	 0.4777689098417931E+01	0.8075418735446986E+07 	 0.4750119641223392E+01
 0.8240000000000000E+01	 0.4783034024049989E+01	0.8134452429244588E+07 	 0.4755484995889039E+01
 0.8250000000000000E+01	 0.4788378749220750E+01	0.8193845336974842E+07 	 0.4760850093423445E+01
 0.8260000000000000E+01	 0.4793723274277570E+01	0.8253599205247451E+07 	 0.4766214934383695E+01
 0.8270000000000000E+01	 0.4799067599566054E+01	0.8313715787034217E+07 	 0.4771579519324852E+01
 0.8279999999999999E+01	 0.4804411725430491E+01	0.8374196841684470E+07 	 0.4776943848799971E+01
 0.8290000000000001E+01	 0.4809755652214911E+01	0.8435044134940492E+07 	 0.4782307923360113E+01
 0.8300000000000001E+01	 0.4815099380262369E+01	0.8496259438952984E+07 	 0.4787671743554349E+01
 0.8310000000000000E+01	 0.4820442909914422E+01	0.8557844532296607E+07 	 0.4793035309929775E+01
 0.8320000000000000E+01	 0.4825786241511802E+01	0.8619801199985439E+07 	 0.4798398623031514E+01
 0.8330000000000000E+01	 0.4831129375394705E+01	0.8682131233488502E+07 	 0.4803761683402739E+01
 0.8340000000000000E+01	 0.4836472311902028E+01	0.8744836430745330E+07 	 0.4809124491584670E+01
 0.8350000000000000E+01	 0.4841815051371872E+01	0.8807918596181527E+07 	 0.4814487048116590E+01
 0.8359999999999999E+01	 0.4847157594140470E+01	0.8871379540724307E+07 	 0.4819849353535852E+01
 0.8370000000000001E+01	 0.4852499940545018E+01	0.8935221081818173E+07 	 0.4825211408377895E+01
 0.8380000000000001E+01	 0.4857842090919660E+01	0.8999445043440439E+07 	 0.4830573213176240E+01
 0.8390000000000001E+01	 0.4863184045599005E+01	0.9064053256116956E+07 	 0.4835934768462518E+01
 0.8400000000000000E+01	 0.4868525804916374E+01	0.9129047556937709E+07 	 0.4841296074766462E+01
 0.8410000000000000E+01	 0.4873867369203372E+01	0.9194429789572526E+07 	 0.4846657132615926E+01
 0.8420000000000000E+01	 0.4879208738792303E+01	0.9260201804286757E+07 	 0.4852017942536893E+01
 0.8430000000000000E+01	 0.4884549914013142E+01	0.9326365457956972E+07 	 0.4857378505053484E+01
 0.8440000000000000E+01	 0.4889890895195087E+01	0.9392922614086716E+07 	 0.4862738820687965E+01
 0.8449999999999999E+01	 0.4895231682666883E+01	0.9459875142822258E+07 	 0.4868098889960756E+01
 0.8460000000000001E+01	 0.4900572276756847E+01	0.9527224920968341E+07 	 0.4873458713390446E+01
 0.8470000000000001E+01	 0.4905912677790110E+01	0.9594973832003957E+07 	 0.4878818291493793E+01
 0.8480000000000000E+01	 0.4911252886094161E+01	0.9663123766098201E+07 	 0.4884177624785742E+01
 0.8490000000000000E+01	 0.4916592901992995E+01	0.9731676620126076E+07 	 0.4889536713779425E+01
 0.8500000000000000E+01	 0.4921932725810844E+01	0.9800634297684290E+07 	 0.4894895558986182E+01
 0.8510000000000000E+01	 0.4927272357871148E+01	0.9869998709107190E+07 	 0.4900254160915551E+01
 0.8520000000000000E+01	 0.4932611798495061E+01	0.9939771771482592E+07 	 0.4905612520075297E+01
 0.8529999999999999E+01	 0.4937951048004812E+01	0.1000995540866769E+08 	 0.4910970636971410E+01
 0.8540000000000001E+01	 0.4943290106721102E+01	0.1008055155130500E+08 	 0.4916328512108112E+01
 0.8550000000000001E+01	 0.4948628974962355E+01	0.1015156213683823E+08 	 0.4921686145987869E+01
 0.8560000000000000E+01	 0.4953967653048069E+01	0.1022298910952835E+08 	 0.4927043539111403E+01
 0.8570000000000000E+01	 0.4959306141295277E+01	0.1029483442046942E+08 	 0.4932400691977694E+01
 0.8580000000000000E+01	 0.4964644440021698E+01	0.1036710002760471E+08 	 0.4937757605083993E+01
 0.8590000000000000E+01	 0.4969982549543057E+01	0.1043978789574266E+08 	 0.4943114278925826E+01
 0.8600000000000000E+01	 0.4975320470173813E+01	0.1051289999657288E+08 	 0.4948470713997004E+01
 0.8609999999999999E+01	 0.4980658202229159E+01	0.1058643830868224E+08 	 0.4953826910789637E+01
 0.8620000000000001E+01	 0.4985995746021652E+01	0.1066040481757093E+08 	 0.4959182869794134E+01
 0.8630000000000001E+01	 0.4991333101864665E+01	0.1073480151566854E+08 	 0.4964538591499214E+01
 0.8640000000000001E+01	 0.4996670270069395E+01	0.1080963040235016E+08 	 0.4969894076391915E+01
 0.8650000000000000E+01	 0.5002007250946345E+01	0.1088489348395251E+08 	 0.4975249324957604E+01
 0.8660000000000000E+01	 0.5007344044806112E+01	0.1096059277379010E+08 	 0.4980604337679977E+01
 0.8670000000000000E+01	 0.5012680651957780E+01	0.1103673029217134E+08 	 0.4985959115041080E+01
 0.8680000000000000E+01	 0.5018017072709188E+01	0.1111330806641478E+08 	 0.4991313657521303E+01
 0.8690000000000000E+01	 0.5023353307368084E+01	0.1119032813086524E+08 	 0.4996667965599397E+01
 0.8700000000000001E+01	 0.5028689356241079E+01	0.1126779252691014E+08 	 0.5002022039752482E+01
 0.8710000000000001E+01	 0.5034025219633731E+01	0.1134570330299556E+08 	 0.5007375880456046E+01
 0.8720000000000001E+01	 0.5039360897850865E+01	0.1142406251464268E+08 	 0.5012729488183960E+01
 0.8730000000000000E+01	 0.5044696391197252E+01	0.1150287222446392E+08 	 0.5018082863408490E+01
 0.8740000000000000E+01	 0.5050031699975298E+01	0.1158213450217930E+08 	 0.5023436006600293E+01
 0.8750000000000000E+01	 0.5055366824487986E+01	0.1166185142463274E+08 	 0.5028788918228432E+01
 0.8760000000000000E+01	 0.5060701765036738E+01	0.1174202507580835E+08 	 0.5034141598760382E+01
 0.8770000000000000E+01	 0.5066036521922515E+01	0.1182265754684683E+08 	 0.5039494048662037E+01
 0.8779999999999999E+01	 0.5071371095445222E+01	0.1190375093606181E+08 	 0.5044846268397723E+01
 0.8790000000000001E+01	 0.5076705485904045E+01	0.1198530734895624E+08 	 0.5050198258430194E+01
 0.8800000000000001E+01	 0.5082039693597490E+01	0.1206732889823875E+08 	 0.5055550019220647E+01
 0.8810000000000000E+01	 0.5087373718822439E+01	0.1214981770384018E+08 	 0.5060901551228729E+01
 0.8820000000000000E+01	 0.5092707561876652E+01	0.1223277589292992E+08 	 0.5066252854912543E+01
 0.8830000000000000E+01	 0.5098041223055752E+01	0.1231620559993240E+08 	 0.5071603930728657E+01
 0.8840000000000000E+01	 0.5103374702654762E+01	0.1240010896654359E+08 	 0.5076954779132108E+01
 0.8850000000000000E+01	 0.5108708000968130E+01	0.1248448814174748E+08 	 0.5082305400576414E+01
 0.8859999999999999E+01	 0.5114041118289365E+01	0.1256934528183256E+08 	 0.5087655795513570E+01
 0.8870000000000001E+01	 0.5119374054911674E+01	0.1265468255040848E+08 	 0.5093005964394074E+01
 0.8880000000000001E+01	 0.5124706811126604E+01	0.1274050211842238E+08 	 0.5098355907666913E+01
 0.8890000000000001E+01	 0.5130039387225318E+01	0.1282680616417573E+08 	 0.5103705625779587E+01
 0.8900000000000000E+01	 0.5135371783498803E+01	0.1291359687334070E+08 	 0.5109055119178104E+01
 0.8910000000000000E+01	 0.5140704000236409E+01	0.1300087643897688E+08 	 0.5114404388306996E+01
 0.8920000000000000E+01	 0.5146036037727344E+01	0.1308864706154792E+08 	 0.5119753433609318E+01
 0.8930000000000000E+01	 0.5151367896259012E+01	0.1317691094893807E+08 	 0.5125102255526663E+01
 0.8940000000000000E+01	 0.5156699576119631E+01	0.1326567031646898E+08 	 0.5130450854499158E+01
 0.8950000000000001E+01	 0.5162031077595390E+01	0.1335492738691631E+08 	 0.5135799230965484E+01
 0.8960000000000001E+01	 0.5167362400972684E+01	0.1344468439052640E+08 	 0.5141147385362868E+01
 0.8970000000000001E+01	 0.5172693546536195E+01	0.1353494356503307E+08 	 0.5146495318127102E+01
 0.8980000000000000E+01	 0.5178024514570061E+01	0.1362570715567432E+08 	 0.5151843029692548E+01
 0.8990000000000000E+01	 0.5183355305357553E+01	0.1371697741520911E+08 	 0.5157190520492133E+01
 0.9000000000000000E+01	 0.5188685919182784E+01	0.1380875660393408E+08 	 0.5162537790957370E+01
 0.9010000000000000E+01	 0.5194016356326694E+01	0.1390104698970044E+08 	 0.5167884841518356E+01
 0.9020000000000000E+01	 0.5199346617070885E+01	0.1399385084793068E+08 	 0.5173231672603786E+01
 0.9029999999999999E+01	 0.5204676701696520E+01	0.1408717046163549E+08 	 0.5178578284640946E+01
 0.9040000000000001E+01	 0.5210006610483208E+01	0.1418100812143059E+08 	 0.5183924678055735E+01
 0.9050000000000001E+01	 0.5215336343709194E+01	0.1427536612555353E+08 	 0.5189270853272659E+01
 0.9060000000000000E+01	 0.5220665901653875E+01	0.1437024677988071E+08 	 0.5194616810714847E+01
 0.9070000000000000E+01	 0.5225995284594842E+01	0.1446565239794417E+08 	 0.5199962550804048E+01
 0.9080000000000000E+01	 0.5231324492808867E+01	0.1456158530094860E+08 	 0.5205308073960643E+01
 0.9090000000000000E+01	 0.5236653526571937E+01	0.1465804781778820E+08 	 0.5210653380603655E+01
 0.9100000000000000E+01	 0.5241982386159682E+01	0.1475504228506375E+08 	 0.5215998471150745E+01
 0.9109999999999999E+01	 0.5247311071847111E+01	0.1485257104709954E+08 	 0.5221343346018223E+01
 0.9120000000000001E+01	 0.5252639583908044E+01	0.1495063645596032E+08 	 0.5226688005621059E+01
 0.9130000000000001E+01	 0.5257967922616151E+01	0.1504924087146840E+08 	 0.5232032450372881E+01
 0.9140000000000001E+01	 0.5263296088243663E+01	0.1514838666122064E+08 	 0.5237376680685986E+01
 0.9150000000000000E+01	 0.5268624081062433E+01	0.1524807620060559E+08 	 0.5242720696971342E+01
 0.9160000000000000E+01	 0.5273951901343768E+01	0.1534831187282042E+08 	 0.5248064499638601E+01
 0.9170000000000000E+01	 0.5279279549358408E+01	0.1544909606888816E+08 	 0.5253408089096096E+01
 0.9180000000000000E+01	 0.5284607025376038E+01	0.1555043118767475E+08 	 0.5258751465750854E+01
 0.9190000000000000E+01	 0.5289934329666273E+01	0.1565231963590614E+08 	 0.5264094630008598E+01
 0.9200000000000001E+01	 0.5295261462495886E+01	0.1575476382818554E+08 	 0.5269437582273757E+01
 0.9210000000000001E+01	 0.5300588424134280E+01	0.1585776618701044E+08 	 0.5274780322949462E+01
 0.9220000000000001E+01	 0.5305915214847985E+01	0.1596132914278997E+08 	 0.5280122852437565E+01
 0.9230000000000000E+01	 0.5311241834903270E+01	0.1606545513386198E+08 	 0.5285465171138634E+01
 0.9240000000000000E+01	 0.5316568284565079E+01	0.1617014660651033E+08 	 0.5290807279451969E+01
 0.9250000000000000E+01	 0.5321894564099325E+01	0.1627540601498212E+08 	 0.5296149177775592E+01
 0.9260000000000000E+01	 0.5327220673770157E+01	0.1638123582150493E+08 	 0.5301490866506271E+01
 0.9270000000000000E+01	 0.5332546613840837E+01	0.1648763849630413E+08 	 0.5306832346039513E+01
 0.9279999999999999E+01	 0.5337872384574670E+01	0.1659461651762021E+08 	 0.5312173616769573E+01
 0.9290000000000001E+01	 0.5343197986232989E+01	0.1670217237172601E+08 	 0.5317514679089460E+01
 0.9300000000000001E+01	 0.5348523419078773E+01	0.1681030855294409E+08 	 0.5322855533390944E+01
 0.9310000000000000E+01	 0.5353848683371762E+01	0.1691902756366420E+08 	 0.5328196180064558E+01
 0.9320000000000000E+01	 0.5359173779372578E+01	0.1702833191436050E+08 	 0.5333536619499607E+01
 0.9330000000000000E+01	 0.5364498707341259E+01	0.1713822412360903E+08 	 0.5338876852084169E+01
 0.9340000000000000E+01	 0.5369823467536081E+01	0.1724870671810511E+08 	 0.5344216878205105E+01
 0.9350000000000000E+01	 0.5375148060215102E+01	0.1735978223268079E+08 	 0.5349556698248064E+01
 0.9359999999999999E+01	 0.5380472485636472E+01	0.1747145321032225E+08 	 0.5354896312597484E+01
 0.9370000000000001E+01	 0.5385796744057100E+01	0.1758372220218737E+08 	 0.5360235721636601E+01
 0.9380000000000001E+01	 0.5391120835733026E+01	0.1769659176762305E+08 	 0.5365574925747451E+01
 0.9390000000000001E+01	 0.5396444760919834E+01	0.1781006447418291E+08 	 0.5370913925310882E+01
 0.9400000000000000E+01	 0.5401768519872471E+01	0.1792414289764466E+08 	 0.5376252720706550E+01
 0.9410000000000000E+01	 0.5407092112845685E+01	0.1803882962202775E+08 	 0.5381591312312934E+01
 0.9420000000000000E+01	 0.5412415540092637E+01	0.1815412723961089E+08 	 0.5386929700507330E+01
 0.9430000000000000E+01	 0.5417738801866835E+01	0.1827003835094959E+08 	 0.5392267885665866E+01
 0.9440000000000000E+01	 0.5423061898420381E+01	0.1838656556489385E+08 	 0.5397605868163504E+01
 0.9450000000000001E+01	 0.5428384830005031E+01	0.1850371149860571E+08 	 0.5402943648374043E+01
 0.9460000000000001E+01	 0.5433707596871889E+01	0.1862147877757689E+08 	 0.5408281226670121E+01
 0.9470000000000001E+01	 0.5439030199271556E+01	0.1873987003564647E+08 	 0.5413618603423229E+01
 0.9480000000000000E+01	 0.5444352637454299E+01	0.1885888791501858E+08 	 0.5418955779003713E+01
 0.9490000000000000E+01	 0.5449674911668362E+01	0.1897853506628008E+08 	 0.5424292753780771E+01
 0.9500000000000000E+01	 0.5454997022163372E+01	0.1909881414841823E+08 	 0.5429629528122470E+01
 0.9510000000000000E+01	 0.5460318969186536E+01	0.1921972782883848E+08 	 0.5434966102395741E+01
 0.9520000000000000E+01	 0.5465640752986006E+01	0.1934127878338216E+08 	 0.5440302476966389E+01
 0.9529999999999999E+01	 0.5470962373807795E+01	0.1946346969634433E+08 	 0.5445638652199098E+01
 0.9540000000000001E+01	 0.5476283831898190E+01	0.1958630326049154E+08 	 0.5450974628457433E+01
 0.9550000000000001E+01	 0.5481605127503148E+01	0.1970978217707951E+08 	 0.5456310406103847E+01
 0.9560000000000000E+01	 0.5486926260867023E+01	0.1983390915587116E+08 	 0.5461645985499683E+01
 0.9570000000000000E+01	 0.5492247232234433E+01	0.1995868691515431E+08 	 0.5466981367005184E+01
 0.9580000000000000E+01	 0.5497568041848763E+01	0.2008411818175963E+08 	 0.5472316550979493E+01
 0.9590000000000000E+01	 0.5502888689953386E+01	0.2021020569107841E+08 	 0.5477651537780657E+01
 0.9600000000000000E+01	 0.5508209176790688E+01	0.2033695218708057E+08 	 0.5482986327765638E+01
 0.9609999999999999E+01	 0.5513529502602465E+01	0.2046436042233253E+08 	 0.5488320921290311E+01
 0.9620000000000001E+01	 0.5518849667629777E+01	0.2059243315801517E+08 	 0.5493655318709469E+01
 0.9630000000000001E+01	 0.5524169672113737E+01	0.2072117316394167E+08 	 0.5498989520376832E+01
 0.9640000000000001E+01	 0.5529489516293793E+01	0.2085058321857569E+08 	 0.5504323526645051E+01
 0.9650000000000000E+01	 0.5534809200410279E+01	0.2098066610904922E+08 	 0.5509657337865709E+01
 0.9660000000000000E+01	 0.5540128724701292E+01	0.2111142463118058E+08 	 0.5514990954389324E+01
 0.9670000000000000E+01	 0.5545448089405863E+01	0.2124286158949254E+08 	 0.5520324376565359E+01
 0.9680000000000000E+01	 0.5550767294760410E+01	0.2137497979723033E+08 	 0.5525657604742229E+01
 0.9690000000000000E+01	 0.5556086341003430E+01	0.2150778207637965E+08 	 0.5530990639267290E+01
 0.9700000000000001E+01	 0.5561405228370964E+01	0.2164127125768486E+08 	 0.5536323480486866E+01
 0.9710000000000001E+01	 0.5566723957098274E+01	0.2177545018066696E+08 	 0.5541656128746231E+01
 0.9720000000000001E+01	 0.5572042527421436E+01	0.2191032169364186E+08 	 0.5546988584389631E+01
 0.9730000000000000E+01	 0.5577360939575839E+01	0.2204588865373841E+08 	 0.5552320847760274E+01
 0.9740000000000000E+01	 0.5582679193794188E+01	0.2218215392691658E+08 	 0.5557652919200350E+01
 0.9750000000000000E+01	 0.5587997290311594E+01	0.2231912038798570E+08 	 0.5562984799051020E+01
 0.9760000000000000E+01	 0.5593315229359809E+01	0.2245679092062258E+08 	 0.5568316487652429E+01
 0.9770000000000000E+01	 0.5598633011172406E+01	0.2259516841738978E+08 	 0.5573647985343708E+01
 0.9779999999999999E+01	 0.5603950635980655E+01	0.2273425577975383E+08 	 0.5578979292462979E+01
 0.9790000000000001E+01	 0.5609268104015813E+01	0.2287405591810349E+08 	 0.5584310409347358E+01
 0.9800000000000001E+01	 0.5614585415509329E+01	0.2301457175176793E+08 	 0.5589641336332961E+01
 0.9810000000000000E+01	 0.5619902570691003E+01	0.2315580620903523E+08 	 0.5594972073754904E+01
 0.9820000000000000E+01	 0.5625219569790435E+01	0.2329776222717050E+08 	 0.5600302621947311E+01
 0.9830000000000000E+01	 0.5630536413036864E+01	0.2344044275243428E+08 	 0.5605632981243320E+01
 0.9840000000000000E+01	 0.5635853100658854E+01	0.2358385074010091E+08 	 0.5610963151975082E+01
 0.9850000000000000E+01	 0.5641169632884190E+01	0.2372798915447686E+08 	 0.5616293134473768E+01
 0.9859999999999999E+01	 0.5646486009940656E+01	0.2387286096891909E+08 	 0.5621622929069570E+01
 0.9870000000000001E+01	 0.5651802232054763E+01	0.2401846916585357E+08 	 0.5626952536091712E+01
 0.9880000000000001E+01	 0.5657118299453153E+01	0.2416481673679352E+08 	 0.5632281955868444E+01
 0.9890000000000001E+01	 0.5662434212361586E+01	0.2431190668235804E+08 	 0.5637611188727055E+01
 0.9900000000000000E+01	 0.5667749971005387E+01	0.2445974201229041E+08 	 0.5642940234993874E+01
 0.9910000000000000E+01	 0.5673065575608749E+01	0.2460832574547675E+08 	 0.5648269094994269E+01
 0.9920000000000000E+01	 0.5678381026396980E+01	0.2475766090996427E+08 	 0.5653597769052661E+01
 0.9930000000000000E+01	 0.5683696323592069E+01	0.2490775054298005E+08 	 0.5658926257492518E+01
 0.9940000000000000E+01	 0.5689011467417958E+01	0.2505859769094940E+08 	 0.5664254560636362E+01
 0.9950000000000001E+01	 0.5694326458097313E+01	0.2521020540951445E+08 	 0.5669582678805780E+01
 0.9960000000000001E+01	 0.5699641295852039E+01	0.2536257676355275E+08 	 0.5674910612321413E+01
 0.9970000000000001E+01	 0.5704955980903646E+01	0.2551571482719583E+08 	 0.5680238361502975E+01
 0.9980000000000000E+01	 0.5710270513473022E+01	0.2566962268384790E+08 	 0.5685565926669249E+01
 0.9990000000000000E+01	 0.5715584893780290E+01	0.2582430342620429E+08 	 0.5690893308138092E+01
 0.1000000000000000E+02	 0.5720899122045990E+01	0.2597976015627031E+08 	 0.5696220506226438E+01
