0.00   [1.09455372]
0.01   [1.09618641]
0.02   [1.09781909]
0.03   [1.09945178]
0.04   [1.10108447]
0.05   [1.10271715]
0.06   [1.10434984]
0.07   [1.10598253]
0.08   [1.10761522]
0.09   [1.1092479]
0.10   [1.11088059]
0.11   [1.11251328]
0.12   [1.11414596]
0.13   [1.11577865]
0.14   [1.11741134]
0.15   [1.11904402]
0.16   [1.12067671]
0.17   [1.1223094]
0.18   [1.12394209]
0.19   [1.12557477]
0.20   [1.12720746]
0.21   [1.12884015]
0.22   [1.13047283]
0.23   [1.13210552]
0.24   [1.13373821]
0.25   [1.13537089]
0.26   [1.13700358]
0.27   [1.13863627]
0.28   [1.14026896]
0.29   [1.14190164]
0.30   [1.14353433]
0.31   [1.14516702]
0.32   [1.1467997]
0.33   [1.14843239]
0.34   [1.15006508]
0.35   [1.15169776]
0.36   [1.15333045]
0.37   [1.15496314]
0.38   [1.15659583]
0.39   [1.15822851]
0.40   [1.1598612]
0.41   [1.16149389]
0.42   [1.16312657]
0.43   [1.16475926]
0.44   [1.16639195]
0.45   [1.16802463]
0.46   [1.16965732]
0.47   [1.17129001]
0.48   [1.1729227]
0.49   [1.17455538]
0.50   [1.17618807]
0.51   [1.17782076]
0.52   [1.17945344]
0.53   [1.18108613]
0.54   [1.18271882]
0.55   [1.1843515]
0.56   [1.18598419]
0.57   [1.18761688]
0.58   [1.18924957]
0.59   [1.19088225]
0.60   [1.19251494]
0.61   [1.19414763]
0.62   [1.19578031]
0.63   [1.197413]
0.64   [1.19904569]
0.65   [1.20067837]
0.66   [1.20231106]
0.67   [1.20394375]
0.68   [1.20557644]
0.69   [1.20720912]
0.70   [1.20884181]
0.71   [1.2104745]
0.72   [1.21210718]
0.73   [1.21373987]
0.74   [1.21537256]
0.75   [1.21700524]
0.76   [1.21863793]
0.77   [1.22027062]
0.78   [1.22190331]
0.79   [1.22353599]
0.80   [1.22516868]
0.81   [1.22680137]
0.82   [1.22843405]
0.83   [1.23006674]
0.84   [1.23169943]
0.85   [1.23333211]
0.86   [1.2349648]
0.87   [1.23659749]
0.88   [1.23823018]
0.89   [1.23986286]
0.90   [1.24149555]
0.91   [1.24312824]
0.92   [1.24476092]
0.93   [1.24639361]
0.94   [1.2480263]
0.95   [1.24965898]
0.96   [1.25129167]
0.97   [1.25292436]
0.98   [1.25455705]
0.99   [1.25618973]
1.00   [1.25782242]
1.01   [1.25945511]
1.02   [1.26108779]
1.03   [1.26272048]
1.04   [1.26435317]
1.05   [1.26598585]
1.06   [1.26761854]
1.07   [1.26925123]
1.08   [1.27088392]
1.09   [1.2725166]
1.10   [1.27414929]
1.11   [1.27578198]
1.12   [1.27741466]
1.13   [1.27904735]
1.14   [1.28068004]
1.15   [1.28231272]
1.16   [1.28394541]
1.17   [1.2855781]
1.18   [1.28721079]
1.19   [1.28884347]
1.20   [1.29047616]
1.21   [1.29210885]
1.22   [1.29374153]
1.23   [1.29537422]
1.24   [1.29700691]
1.25   [1.29863959]
1.26   [1.30027228]
1.27   [1.30190497]
1.28   [1.30353766]
1.29   [1.30517034]
1.30   [1.30680303]
1.31   [1.30843572]
1.32   [1.3100684]
1.33   [1.31170109]
1.34   [1.31333378]
1.35   [1.31496646]
1.36   [1.31659915]
1.37   [1.31823184]
1.38   [1.31986453]
1.39   [1.32149721]
1.40   [1.3231299]
1.41   [1.32476259]
1.42   [1.32639527]
1.43   [1.32802796]
1.44   [1.32966065]
1.45   [1.33129333]
1.46   [1.33292602]
1.47   [1.33455871]
1.48   [1.3361914]
1.49   [1.33782408]
1.50   [1.33945677]
1.51   [1.34108946]
1.52   [1.34272214]
1.53   [1.34435483]
1.54   [1.34598752]
1.55   [1.3476202]
1.56   [1.34925289]
1.57   [1.35088558]
1.58   [1.35251827]
1.59   [1.35415095]
1.60   [1.35578364]
1.61   [1.35741633]
1.62   [1.35904901]
1.63   [1.3606817]
1.64   [1.36231439]
1.65   [1.36394708]
1.66   [1.36557976]
1.67   [1.36721245]
1.68   [1.36884514]
1.69   [1.37047782]
1.70   [1.37211051]
1.71   [1.3737432]
1.72   [1.37537588]
1.73   [1.37700857]
1.74   [1.37864126]
1.75   [1.38027395]
1.76   [1.38190663]
1.77   [1.38353932]
1.78   [1.38517201]
1.79   [1.38680469]
1.80   [1.38843738]
1.81   [1.39007007]
1.82   [1.39170275]
1.83   [1.39333544]
1.84   [1.39496813]
1.85   [1.39660082]
1.86   [1.3982335]
1.87   [1.39986619]
1.88   [1.40149888]
1.89   [1.40313156]
1.90   [1.40476425]
1.91   [1.40639694]
1.92   [1.40802962]
1.93   [1.40966231]
1.94   [1.411295]
1.95   [1.41292769]
1.96   [1.41456037]
1.97   [1.41619306]
1.98   [1.41782575]
1.99   [1.41945843]
2.00   [1.42109112]
2.01   [1.42272381]
2.02   [1.42435649]
2.03   [1.42598918]
2.04   [1.42762187]
2.05   [1.42925456]
2.06   [1.43088724]
2.07   [1.43251993]
2.08   [1.43415262]
2.09   [1.4357853]
2.10   [1.43741799]
2.11   [1.43905068]
2.12   [1.44068336]
2.13   [1.44231605]
2.14   [1.44394874]
2.15   [1.44558143]
2.16   [1.44721411]
2.17   [1.4488468]
2.18   [1.45047949]
2.19   [1.45211217]
2.20   [1.45374486]
2.21   [1.45537755]
2.22   [1.45701023]
2.23   [1.45864292]
2.24   [1.46027561]
2.25   [1.4619083]
2.26   [1.46354098]
2.27   [1.46517367]
2.28   [1.46680636]
2.29   [1.46843904]
2.30   [1.47007173]
2.31   [1.47170442]
2.32   [1.4733371]
2.33   [1.47496979]
2.34   [1.47660248]
2.35   [1.47823517]
2.36   [1.47986785]
2.37   [1.48150054]
2.38   [1.48313323]
2.39   [1.48476591]
2.40   [1.4863986]
2.41   [1.48803129]
2.42   [1.48966397]
2.43   [1.49129666]
2.44   [1.49292935]
2.45   [1.49456204]
2.46   [1.49619472]
2.47   [1.49782741]
2.48   [1.4994601]
2.49   [1.50109278]
2.50   [1.50272547]
2.51   [1.50435816]
2.52   [1.50599084]
2.53   [1.50762353]
2.54   [1.50925622]
2.55   [1.51088891]
2.56   [1.51252159]
2.57   [1.51415428]
2.58   [1.51578697]
2.59   [1.51741965]
2.60   [1.51905234]
2.61   [1.52068503]
2.62   [1.52231771]
2.63   [1.5239504]
2.64   [1.52558309]
2.65   [1.52721578]
2.66   [1.52884846]
2.67   [1.53048115]
2.68   [1.53211384]
2.69   [1.53374652]
2.70   [1.53537921]
2.71   [1.5370119]
2.72   [1.53864458]
2.73   [1.54027727]
2.74   [1.54190996]
2.75   [1.54354265]
2.76   [1.54517533]
2.77   [1.54680802]
2.78   [1.54844071]
2.79   [1.55007339]
2.80   [1.55170608]
2.81   [1.55333877]
2.82   [1.55497145]
2.83   [1.55660414]
2.84   [1.55823683]
2.85   [1.55986952]
2.86   [1.5615022]
2.87   [1.56313489]
2.88   [1.56476758]
2.89   [1.56640026]
2.90   [1.56803295]
2.91   [1.56966564]
2.92   [1.57129832]
2.93   [1.57293101]
2.94   [1.5745637]
2.95   [1.57619639]
2.96   [1.57782907]
2.97   [1.57946176]
2.98   [1.58109445]
2.99   [1.58272713]
3.00   [1.58435982]
3.01   [1.58599251]
3.02   [1.58762519]
3.03   [1.58925788]
3.04   [1.59089057]
3.05   [1.59252326]
3.06   [1.59415594]
3.07   [1.59578863]
3.08   [1.59742132]
3.09   [1.599054]
3.10   [1.60068669]
3.11   [1.60231938]
3.12   [1.60395206]
3.13   [1.60558475]
3.14   [1.60721744]
3.15   [1.60885013]
3.16   [1.61048281]
3.17   [1.6121155]
3.18   [1.61374819]
3.19   [1.61538087]
3.20   [1.61701356]
3.21   [1.61864625]
3.22   [1.62027893]
3.23   [1.62191162]
3.24   [1.62354431]
3.25   [1.625177]
3.26   [1.62680968]
3.27   [1.62844237]
3.28   [1.63007506]
3.29   [1.63170774]
3.30   [1.63334043]
3.31   [1.63497312]
3.32   [1.63660581]
3.33   [1.63823849]
3.34   [1.63987118]
3.35   [1.64150387]
3.36   [1.64313655]
3.37   [1.64476924]
3.38   [1.64640193]
3.39   [1.64803461]
3.40   [1.6496673]
3.41   [1.65129999]
3.42   [1.65293268]
3.43   [1.65456536]
3.44   [1.65619805]
3.45   [1.65783074]
3.46   [1.65946342]
3.47   [1.66109611]
3.48   [1.6627288]
3.49   [1.66436148]
3.50   [1.66599417]
3.51   [1.66762686]
3.52   [1.66925955]
3.53   [1.67089223]
3.54   [1.67252492]
3.55   [1.67415761]
3.56   [1.67579029]
3.57   [1.67742298]
3.58   [1.67905567]
3.59   [1.68068835]
3.60   [1.68232104]
3.61   [1.68395373]
3.62   [1.68558642]
3.63   [1.6872191]
3.64   [1.68885179]
3.65   [1.69048448]
3.66   [1.69211716]
3.67   [1.69374985]
3.68   [1.69538254]
3.69   [1.69701522]
3.70   [1.69864791]
3.71   [1.7002806]
3.72   [1.70191329]
3.73   [1.70354597]
3.74   [1.70517866]
3.75   [1.70681135]
3.76   [1.70844403]
3.77   [1.71007672]
3.78   [1.71170941]
3.79   [1.71334209]
3.80   [1.71497478]
3.81   [1.71660747]
3.82   [1.71824016]
3.83   [1.71987284]
3.84   [1.72150553]
3.85   [1.72313822]
3.86   [1.7247709]
3.87   [1.72640359]
3.88   [1.72803628]
3.89   [1.72966896]
3.90   [1.73130165]
3.91   [1.73293434]
3.92   [1.73456703]
3.93   [1.73619971]
3.94   [1.7378324]
3.95   [1.73946509]
3.96   [1.74109777]
3.97   [1.74273046]
3.98   [1.74436315]
3.99   [1.74599583]
4.00   [1.74762852]
4.01   [1.74926121]
4.02   [1.7508939]
4.03   [1.75252658]
4.04   [1.75415927]
4.05   [1.75579196]
4.06   [1.75742464]
4.07   [1.75905733]
4.08   [1.76069002]
4.09   [1.7623227]
4.10   [1.76395539]
4.11   [1.76558808]
4.12   [1.76722077]
4.13   [1.76885345]
4.14   [1.77048614]
4.15   [1.77211883]
4.16   [1.77375151]
4.17   [1.7753842]
4.18   [1.77701689]
4.19   [1.77864957]
4.20   [1.78028226]
4.21   [1.78191495]
4.22   [1.78354764]
4.23   [1.78518032]
4.24   [1.78681301]
4.25   [1.7884457]
4.26   [1.79007838]
4.27   [1.79171107]
4.28   [1.79334376]
4.29   [1.79497644]
4.30   [1.79660913]
4.31   [1.79824182]
4.32   [1.79987451]
4.33   [1.80150719]
4.34   [1.80313988]
4.35   [1.80477257]
4.36   [1.80640525]
4.37   [1.80803794]
4.38   [1.80967063]
4.39   [1.81130331]
4.40   [1.812936]
4.41   [1.81456869]
4.42   [1.81620138]
4.43   [1.81783406]
4.44   [1.81946675]
4.45   [1.82109944]
4.46   [1.82273212]
4.47   [1.82436481]
4.48   [1.8259975]
4.49   [1.82763018]
4.50   [1.82926287]
4.51   [1.83089556]
4.52   [1.83252825]
4.53   [1.83416093]
4.54   [1.83579362]
4.55   [1.83742631]
4.56   [1.83905899]
4.57   [1.84069168]
4.58   [1.84232437]
4.59   [1.84395705]
4.60   [1.84558974]
4.61   [1.84722243]
4.62   [1.84885512]
4.63   [1.8504878]
4.64   [1.85212049]
4.65   [1.85375318]
4.66   [1.85538586]
4.67   [1.85701855]
4.68   [1.85865124]
4.69   [1.86028392]
4.70   [1.86191661]
4.71   [1.8635493]
4.72   [1.86518199]
4.73   [1.86681467]
4.74   [1.86844736]
4.75   [1.87008005]
4.76   [1.87171273]
4.77   [1.87334542]
4.78   [1.87497811]
4.79   [1.87661079]
4.80   [1.87824348]
4.81   [1.87987617]
4.82   [1.88150886]
4.83   [1.88314154]
4.84   [1.88477423]
4.85   [1.88640692]
4.86   [1.8880396]
4.87   [1.88967229]
4.88   [1.89130498]
4.89   [1.89293766]
4.90   [1.89457035]
4.91   [1.89620304]
4.92   [1.89783573]
4.93   [1.89946841]
4.94   [1.9011011]
4.95   [1.90273379]
4.96   [1.90436647]
4.97   [1.90599916]
4.98   [1.90763185]
4.99   [1.90926454]
5.00   [1.91089722]
5.01   [1.91252991]
5.02   [1.9141626]
5.03   [1.91579528]
5.04   [1.91742797]
5.05   [1.91906066]
5.06   [1.92069334]
5.07   [1.92232603]
5.08   [1.92395872]
5.09   [1.92559141]
5.10   [1.92722409]
5.11   [1.92885678]
5.12   [1.93048947]
5.13   [1.93212215]
5.14   [1.93375484]
5.15   [1.93538753]
5.16   [1.93702021]
5.17   [1.9386529]
5.18   [1.94028559]
5.19   [1.94191828]
5.20   [1.94355096]
5.21   [1.94518365]
5.22   [1.94681634]
5.23   [1.94844902]
5.24   [1.95008171]
5.25   [1.9517144]
5.26   [1.95334708]
5.27   [1.95497977]
5.28   [1.95661246]
5.29   [1.95824515]
5.30   [1.95987783]
5.31   [1.96151052]
5.32   [1.96314321]
5.33   [1.96477589]
5.34   [1.96640858]
5.35   [1.96804127]
5.36   [1.96967395]
5.37   [1.97130664]
5.38   [1.97293933]
5.39   [1.97457202]
5.40   [1.9762047]
5.41   [1.97783739]
5.42   [1.97947008]
5.43   [1.98110276]
5.44   [1.98273545]
5.45   [1.98436814]
5.46   [1.98600082]
5.47   [1.98763351]
5.48   [1.9892662]
5.49   [1.99089889]
5.50   [1.99253157]
5.51   [1.99416426]
5.52   [1.99579695]
5.53   [1.99742963]
5.54   [1.99906232]
5.55   [2.00069501]
5.56   [2.00232769]
5.57   [2.00396038]
5.58   [2.00559307]
5.59   [2.00722576]
5.60   [2.00885844]
5.61   [2.01049113]
5.62   [2.01212382]
5.63   [2.0137565]
5.64   [2.01538919]
5.65   [2.01702188]
5.66   [2.01865456]
5.67   [2.02028725]
5.68   [2.02191994]
5.69   [2.02355263]
5.70   [2.02518531]
5.71   [2.026818]
5.72   [2.02845069]
5.73   [2.03008337]
5.74   [2.03171606]
5.75   [2.03334875]
5.76   [2.03498143]
5.77   [2.03661412]
5.78   [2.03824681]
5.79   [2.0398795]
5.80   [2.04151218]
5.81   [2.04314487]
5.82   [2.04477756]
5.83   [2.04641024]
5.84   [2.04804293]
5.85   [2.04967562]
5.86   [2.0513083]
5.87   [2.05294099]
5.88   [2.05457368]
5.89   [2.05620637]
5.90   [2.05783905]
5.91   [2.05947174]
5.92   [2.06110443]
5.93   [2.06273711]
5.94   [2.0643698]
5.95   [2.06600249]
5.96   [2.06763517]
5.97   [2.06926786]
5.98   [2.07090055]
5.99   [2.07253324]
6.00   [2.07416592]
6.01   [2.07579861]
6.02   [2.0774313]
6.03   [2.07906398]
6.04   [2.08069667]
6.05   [2.08232936]
6.06   [2.08396204]
6.07   [2.08559473]
6.08   [2.08722742]
6.09   [2.08886011]
6.10   [2.09049279]
6.11   [2.09212548]
6.12   [2.09375817]
6.13   [2.09539085]
6.14   [2.09702354]
6.15   [2.09865623]
6.16   [2.10028891]
6.17   [2.1019216]
6.18   [2.10355429]
6.19   [2.10518698]
6.20   [2.10681966]
6.21   [2.10845235]
6.22   [2.11008504]
6.23   [2.11171772]
6.24   [2.11335041]
6.25   [2.1149831]
6.26   [2.11661578]
6.27   [2.11824847]
6.28   [2.11988116]
6.29   [2.12151385]
6.30   [2.12314653]
6.31   [2.12477922]
6.32   [2.12641191]
6.33   [2.12804459]
6.34   [2.12967728]
6.35   [2.13130997]
6.36   [2.13294265]
6.37   [2.13457534]
6.38   [2.13620803]
6.39   [2.13784072]
6.40   [2.1394734]
6.41   [2.14110609]
6.42   [2.14273878]
6.43   [2.14437146]
6.44   [2.14600415]
6.45   [2.14763684]
6.46   [2.14926952]
6.47   [2.15090221]
6.48   [2.1525349]
6.49   [2.15416759]
6.50   [2.15580027]
6.51   [2.15743296]
6.52   [2.15906565]
6.53   [2.16069833]
6.54   [2.16233102]
6.55   [2.16396371]
6.56   [2.16559639]
6.57   [2.16722908]
6.58   [2.16886177]
6.59   [2.17049446]
6.60   [2.17212714]
6.61   [2.17375983]
6.62   [2.17539252]
6.63   [2.1770252]
6.64   [2.17865789]
6.65   [2.18029058]
6.66   [2.18192327]
6.67   [2.18355595]
6.68   [2.18518864]
6.69   [2.18682133]
6.70   [2.18845401]
6.71   [2.1900867]
6.72   [2.19171939]
6.73   [2.19335207]
6.74   [2.19498476]
6.75   [2.19661745]
6.76   [2.19825014]
6.77   [2.19988282]
6.78   [2.20151551]
6.79   [2.2031482]
6.80   [2.20478088]
6.81   [2.20641357]
6.82   [2.20804626]
6.83   [2.20967894]
6.84   [2.21131163]
6.85   [2.21294432]
6.86   [2.21457701]
6.87   [2.21620969]
6.88   [2.21784238]
6.89   [2.21947507]
6.90   [2.22110775]
6.91   [2.22274044]
6.92   [2.22437313]
6.93   [2.22600581]
6.94   [2.2276385]
6.95   [2.22927119]
6.96   [2.23090388]
6.97   [2.23253656]
6.98   [2.23416925]
6.99   [2.23580194]
7.00   [2.23743462]
7.01   [2.23906731]
7.02   [2.2407]
7.03   [2.24233268]
7.04   [2.24396537]
7.05   [2.24559806]
7.06   [2.24723075]
7.07   [2.24886343]
7.08   [2.25049612]
7.09   [2.25212881]
7.10   [2.25376149]
7.11   [2.25539418]
7.12   [2.25702687]
7.13   [2.25865955]
7.14   [2.26029224]
7.15   [2.26192493]
7.16   [2.26355762]
7.17   [2.2651903]
7.18   [2.26682299]
7.19   [2.26845568]
7.20   [2.27008836]
7.21   [2.27172105]
7.22   [2.27335374]
7.23   [2.27498642]
7.24   [2.27661911]
7.25   [2.2782518]
7.26   [2.27988449]
7.27   [2.28151717]
7.28   [2.28314986]
7.29   [2.28478255]
7.30   [2.28641523]
7.31   [2.28804792]
7.32   [2.28968061]
7.33   [2.29131329]
7.34   [2.29294598]
7.35   [2.29457867]
7.36   [2.29621136]
7.37   [2.29784404]
7.38   [2.29947673]
7.39   [2.30110942]
7.40   [2.3027421]
7.41   [2.30437479]
7.42   [2.30600748]
7.43   [2.30764016]
7.44   [2.30927285]
7.45   [2.31090554]
7.46   [2.31253823]
7.47   [2.31417091]
7.48   [2.3158036]
7.49   [2.31743629]
7.50   [2.31906897]
7.51   [2.32070166]
7.52   [2.32233435]
7.53   [2.32396703]
7.54   [2.32559972]
7.55   [2.32723241]
7.56   [2.3288651]
7.57   [2.33049778]
7.58   [2.33213047]
7.59   [2.33376316]
7.60   [2.33539584]
7.61   [2.33702853]
7.62   [2.33866122]
7.63   [2.3402939]
7.64   [2.34192659]
7.65   [2.34355928]
7.66   [2.34519197]
7.67   [2.34682465]
7.68   [2.34845734]
7.69   [2.35009003]
7.70   [2.35172271]
7.71   [2.3533554]
7.72   [2.35498809]
7.73   [2.35662077]
7.74   [2.35825346]
7.75   [2.35988615]
7.76   [2.36151884]
7.77   [2.36315152]
7.78   [2.36478421]
7.79   [2.3664169]
7.80   [2.36804958]
7.81   [2.36968227]
7.82   [2.37131496]
7.83   [2.37294764]
7.84   [2.37458033]
7.85   [2.37621302]
7.86   [2.37784571]
7.87   [2.37947839]
7.88   [2.38111108]
7.89   [2.38274377]
7.90   [2.38437645]
7.91   [2.38600914]
7.92   [2.38764183]
7.93   [2.38927451]
7.94   [2.3909072]
7.95   [2.39253989]
7.96   [2.39417258]
7.97   [2.39580526]
7.98   [2.39743795]
7.99   [2.39907064]
8.00   [2.40070332]
8.01   [2.40233601]
8.02   [2.4039687]
8.03   [2.40560138]
8.04   [2.40723407]
8.05   [2.40886676]
8.06   [2.41049945]
8.07   [2.41213213]
8.08   [2.41376482]
8.09   [2.41539751]
8.10   [2.41703019]
8.11   [2.41866288]
8.12   [2.42029557]
8.13   [2.42192825]
8.14   [2.42356094]
8.15   [2.42519363]
8.16   [2.42682632]
8.17   [2.428459]
8.18   [2.43009169]
8.19   [2.43172438]
8.20   [2.43335706]
8.21   [2.43498975]
8.22   [2.43662244]
8.23   [2.43825512]
8.24   [2.43988781]
8.25   [2.4415205]
8.26   [2.44315319]
8.27   [2.44478587]
8.28   [2.44641856]
8.29   [2.44805125]
8.30   [2.44968393]
8.31   [2.45131662]
8.32   [2.45294931]
8.33   [2.454582]
8.34   [2.45621468]
8.35   [2.45784737]
8.36   [2.45948006]
8.37   [2.46111274]
8.38   [2.46274543]
8.39   [2.46437812]
8.40   [2.4660108]
8.41   [2.46764349]
8.42   [2.46927618]
8.43   [2.47090887]
8.44   [2.47254155]
8.45   [2.47417424]
8.46   [2.47580693]
8.47   [2.47743961]
8.48   [2.4790723]
8.49   [2.48070499]
8.50   [2.48233767]
8.51   [2.48397036]
8.52   [2.48560305]
8.53   [2.48723574]
8.54   [2.48886842]
8.55   [2.49050111]
8.56   [2.4921338]
8.57   [2.49376648]
8.58   [2.49539917]
8.59   [2.49703186]
8.60   [2.49866454]
8.61   [2.50029723]
8.62   [2.50192992]
8.63   [2.50356261]
8.64   [2.50519529]
8.65   [2.50682798]
8.66   [2.50846067]
8.67   [2.51009335]
8.68   [2.51172604]
8.69   [2.51335873]
8.70   [2.51499141]
8.71   [2.5166241]
8.72   [2.51825679]
8.73   [2.51988948]
8.74   [2.52152216]
8.75   [2.52315485]
8.76   [2.52478754]
8.77   [2.52642022]
8.78   [2.52805291]
8.79   [2.5296856]
8.80   [2.53131828]
8.81   [2.53295097]
8.82   [2.53458366]
8.83   [2.53621635]
8.84   [2.53784903]
8.85   [2.53948172]
8.86   [2.54111441]
8.87   [2.54274709]
8.88   [2.54437978]
8.89   [2.54601247]
8.90   [2.54764515]
8.91   [2.54927784]
8.92   [2.55091053]
8.93   [2.55254322]
8.94   [2.5541759]
8.95   [2.55580859]
8.96   [2.55744128]
8.97   [2.55907396]
8.98   [2.56070665]
8.99   [2.56233934]
9.00   [2.56397202]
9.01   [2.56560471]
9.02   [2.5672374]
9.03   [2.56887009]
9.04   [2.57050277]
9.05   [2.57213546]
9.06   [2.57376815]
9.07   [2.57540083]
9.08   [2.57703352]
9.09   [2.57866621]
9.10   [2.58029889]
9.11   [2.58193158]
9.12   [2.58356427]
9.13   [2.58519696]
9.14   [2.58682964]
9.15   [2.58846233]
9.16   [2.59009502]
9.17   [2.5917277]
9.18   [2.59336039]
9.19   [2.59499308]
9.20   [2.59662576]
9.21   [2.59825845]
9.22   [2.59989114]
9.23   [2.60152383]
9.24   [2.60315651]
9.25   [2.6047892]
9.26   [2.60642189]
9.27   [2.60805457]
9.28   [2.60968726]
9.29   [2.61131995]
9.30   [2.61295263]
9.31   [2.61458532]
9.32   [2.61621801]
9.33   [2.6178507]
9.34   [2.61948338]
9.35   [2.62111607]
9.36   [2.62274876]
9.37   [2.62438144]
9.38   [2.62601413]
9.39   [2.62764682]
9.40   [2.6292795]
9.41   [2.63091219]
9.42   [2.63254488]
9.43   [2.63417757]
9.44   [2.63581025]
9.45   [2.63744294]
9.46   [2.63907563]
9.47   [2.64070831]
9.48   [2.642341]
9.49   [2.64397369]
9.50   [2.64560637]
9.51   [2.64723906]
9.52   [2.64887175]
9.53   [2.65050444]
9.54   [2.65213712]
9.55   [2.65376981]
9.56   [2.6554025]
9.57   [2.65703518]
9.58   [2.65866787]
9.59   [2.66030056]
9.60   [2.66193324]
9.61   [2.66356593]
9.62   [2.66519862]
9.63   [2.66683131]
9.64   [2.66846399]
9.65   [2.67009668]
9.66   [2.67172937]
9.67   [2.67336205]
9.68   [2.67499474]
9.69   [2.67662743]
9.70   [2.67826011]
9.71   [2.6798928]
9.72   [2.68152549]
9.73   [2.68315818]
9.74   [2.68479086]
9.75   [2.68642355]
9.76   [2.68805624]
9.77   [2.68968892]
9.78   [2.69132161]
9.79   [2.6929543]
9.80   [2.69458698]
9.81   [2.69621967]
9.82   [2.69785236]
9.83   [2.69948505]
9.84   [2.70111773]
9.85   [2.70275042]
9.86   [2.70438311]
9.87   [2.70601579]
9.88   [2.70764848]
9.89   [2.70928117]
9.90   [2.71091385]
9.91   [2.71254654]
9.92   [2.71417923]
9.93   [2.71581192]
9.94   [2.7174446]
9.95   [2.71907729]
9.96   [2.72070998]
9.97   [2.72234266]
9.98   [2.72397535]
9.99   [2.72560804]
