0.01,0.0164515084305705,-3040.48440746523
0.02,0.0329160982083243,-760.532355612306
0.03,0.0494072245540581,-338.36817502431
0.04,0.0659390904356849,-190.564566910046
0.05,0.082527020441856,-122.109195469337
0.06,0.0991878346555304,-84.8895338859018
0.07,0.115940222527534,-62.4209378319781
0.08,0.132805116750134,-47.8173195202096
0.09,0.149806067130644,-37.7886389062667
0.1,0.166969614464977,-30.6017664246325
0.11,0.184325664411212,-25.2731961147144
0.12,0.201907861363193,-21.2110681409262
0.13,0.219753962324079,-18.0418616959957
0.14,0.237906210779947,-15.5203902009976
0.15,0.256411710573347,-13.4802909768588
0.16,0.275322799776876,-11.8054497003453
0.17,0.29469742456677,-10.4128211726307
0.18,0.314599513096465,-9.24173281424818
0.19,0.335099349370172,-8.24701838706026
0.2,0.356273947116468,-7.39449085119249
0.21,0.378207423661855,-6.65788593162522
0.22,0.400991373804336,-6.01675456827282
0.23,0.424725243686999,-5.45498186146909
0.24,0.449516704671591,-4.95972832628042
0.25,0.475482027212084,-4.52066120511903
0.26,0.502746454728263,-4.12938842669165
0.27,0.531444577479291,-3.77903636018203
0.28,0.561720706437291,-3.46393106892258
0.29,0.593729247160913,-3.17935504269711
0.3,0.627635073668921,-2.92135964396918
0.31,0.663613902313762,-2.68661914213776
0.32,0.701852665655136,-2.47231611606057
0.33,0.742549886333582,-2.27605074675263
0.34,0.785916050944045,-2.09576847017845
0.35,0.832173983909453,-1.92970186003292
0.36,0.8815592213543,-1.77632362731252
0.37,0.934320384978205,-1.63430836955131
0.38,0.990719555929507,-1.50250125512777
0.39,1.05103264867882,-1.37989224087477
0.4,1.11554978489263,-1.26559473224822
0.41,1.18457566730685,-1.15882783148357
0.42,1.25842995360041,-1.05890149984491
0.43,1.33744763026883,-0.965204099266594
0.44,1.42197938649777,-0.877191886644691
0.45,1.51239198803665,-0.794380118298183
0.46,1.6090686510722,-0.71633548828664
0.47,1.71240941610203,-0.642669676527803
0.48,1.8228315218082,-0.573033824156285
0.49,1.94076977893085,-0.507113786691396
0.5,2.06667694414169,-0.444626042159201
0.51,2.20102409391764,-0.385314152738421
0.52,2.34430099841437,-0.328945695850049
0.53,2.49701649533991,-0.275309594723077
0.54,2.6596988638282,-0.22421378999623
0.55,2.83289619831264,-0.175483203369668
0.56,3.01717678239974,-0.128957952104426
0.57,3.21312946274262,-0.0844917795999383
0.58,3.42136402291461,-0.0419506726151132
0.59,3.64251155728287,-0.00121164013856552
0.6,0.0378383673785853,3.87722484488189
0.61,0.0753034166078669,4.12617872328711
0.62,0.111279443316856,4.39007046248849
0.63,0.14585501110112,4.66962013876409
0.64,0.179111988385235,4.96557100855362
0.65,0.211126153627003,5.27868988233205
0.66,0.241967737319021,5.60976749848314
0.67,0.27170190823982,5.95961889717308
0.68,0.300389210431166,6.32908379422401
0.69,0.328085956542484,6.71902695498761
0.7,0.354844582465926,7.13033856821868
0.71,0.380713967568308,7.56393461994872
0.72,0.405739724293639,8.0207572673595
0.73,0.429964460449815,8.50177521265664
0.74,0.453428017094404,9.00798407694316
0.75,0.476167684588463,9.5404067740931
0.76,0.498218399086473,10.100093884625
0.77,0.519612921468233,10.6881240295757
0.78,0.540382000489685,11.3056042443736
0.79,0.560554521729436,11.9536703527125
0.8,0.580157643732305,12.633487340425
0.81,0.599216922597243,13.3462497293562
0.82,0.617756426121646,14.0931819512372
0.83,0.635798838494783,14.8755387215588
0.84,0.653365556427955,15.6946054134446
0.85,0.670476777516055,16.5516984315255
0.86,0.687151581542973,17.4481655858123
0.87,0.703408005370477,18.38538646557
0.88,0.71926311198547,19.3647728131907
0.89,0.734733054223136,20.3877688980678
0.9,0.74983313363227,21.4558518904695
0.91,0.764577854903565,22.5705322354118
0.92,0.778980976240915,23.7333540265327
0.93,0.793055556019486,24.9458953799656
0.94,0.806813996041741,26.2097688082126
0.95,0.820268081673531,27.5266215940186
0.96,0.833429019116203,28.8981361642443
0.97,0.84630747004723,30.3260304637403
0.98,0.858913583840779,31.8120583292201
0.99,0.871257027560646,33.3580098631344
1,0.883347013900898,34.965711807544
1.01,0.895192327234123,36.6370279179937
1.02,0.906801347913258,38.3738593373859
1.03,0.918182074960389,40.178144969854
1.04,0.929342147264507,42.0518618546363
1.05,0.940288863399885,43.997025539949
1.06,0.951029200167405,46.0156904568604
1.07,0.961569829952643,48.1099502931642
1.08,0.97191713698682,50.2819383672529
1.09,0.982077232589725,52.5338280019917
1.1,0.992055969467306,54.8678328985919
1.11,1.00185895513083,57.2862075104844
1.12,1.01149156449924,59.7912474171937
1.13,1.02095895174137,62.3852896982108
1.14,1.03026606141048,65.0707133068672
1.15,1.03941763891935,67.8499394442086
1.16,1.04841824040052,70.7254319328681
1.17,1.05727224199296,73.6996975909399
1.18,1.06598384859326,76.7752866058533
1.19,1.07455710210661,79.9547929082454
1.2,1.08299588923035,83.2408545458355
1.21,1.09130394880018,86.6361540572985
1.22,1.0994848787274,90.1434188461378
1.23,1.10754214255289,93.76542155456
1.24,1.1154790756424,97.5049804373474
1.25,1.12329889104532,101.364959735732
1.26,1.13100468503807,105.34827005127
1.27,1.13859944237132,109.457868719714
1.28,1.14608604123945,113.696760184887
1.29,1.15346725798876,118.067996372555
1.3,1.16074577158043,122.574677064305
1.31,1.1679241678227,127.21995027141
1.32,1.17500494338602,132.007012608713
1.33,1.18199050961388,136.939109668491
1.34,1.18888319614128,142.019536394337
1.35,1.19568525433199,147.251637455027
1.36,1.20239886054486,152.638807618396
1.37,1.20902611923914,158.184492125212
1.38,1.21556906592776,163.892187063051
1.39,1.22202966998719,169.765439740166
1.4,1.2284098373318,175.807849059365
1.41,1.23471141296032,182.023065891882
1.42,1.24093618338132,188.414793451254
1.43,1.24708587892434,194.986787667189
1.44,1.25316217594296,201.742857559444
1.45,1.25916669891541,208.686865611698
1.46,1.26510102244842,215.822728145423
1.47,1.27096667318923,223.154415693762
1.48,1.27676513165077,230.685953375397
1.49,1.28249783395442,238.421421268428
1.5,1.28816617349465,246.364954784243
1.51,1.29377150252966,254.520745041393
1.52,1.29931513370167,262.893039239465
1.53,1.30479834149052,271.486141032957
1.54,1.31022236360393,280.304410905149
1.55,1.31558840230757,289.352266541978
1.56,1.32089762569801,298.634183205912
1.57,1.3261511689213,308.154694109824
1.58,1.33135013533982,317.918390790864
1.59,1.33649559765011,327.929923484334
1.6,1.34158859895381,338.194001497559
1.61,1.34663015378418,348.715393583765
1.62,1.35162124909018,359.498928315948
1.63,1.35656284518025,370.54949446075
1.64,1.36145587662754,381.872041352334
1.65,1.36630125313863,393.471579266254
1.66,1.37109986038715,405.353179793329
1.67,1.37585256081424,417.521976213521
1.68,1.38056019439711,429.983163869805
1.69,1.38522357938733,442.742000542041
1.7,1.38984351302019,455.803806820851
1.71,1.39442077219635,469.173966481491
1.72,1.39895611413721,482.857926857726
1.73,1.40345027701495,496.8611992157
1.74,1.40790398055855,511.189359127814
1.75,1.41231792663678,525.848046846595
1.76,1.41669279981913,540.842967678577
1.77,1.42102926791571,556.179892358163
1.78,1.42532798249702,571.864657421511
1.79,1.42958957939441,587.9031655804
1.8,1.43381467918212,604.301386096103
1.81,1.43800388764162,621.065355153266
1.82,1.44215779620909,638.201176233777
1.83,1.44627698240665,655.715020490643
1.84,1.4503620102581,673.613127121859
1.85,1.45441343068974,691.901803744286
1.86,1.45843178191698,710.587426767522
1.87,1.46241758981725,729.676441767777
1.88,1.46637136828979,749.175363861747
1.89,1.47029361960285,769.090778080484
1.9,1.47418483472889,789.429339743275
1.91,1.47804549366808,810.19777483151
1.92,1.48187606576078,831.402880362559
1.93,1.4856770099893,853.051524763649
1.94,1.48944877526938,875.150648245727
1.95,1.49319180073188,897.707263177343
1.96,1.49690651599494,920.728454458522
1.97,1.50059334142711,944.221379894633
1.98,1.50425268840163,968.19327057027
1.99,1.50788495954246,992.651431223117
2,1.51149054896206,1017.60324061782
2.01,1.51506984249153,1.51506984249153
2.02,1.51862321790314,1.51862321790314
2.03,1.5221510451258,1.5221510451258
2.04,1.52565368645347,1.52565368645347
2.05,1.529131496747,1.529131496747
2.06,1.53258482362948,1.53258482362948
2.07,1.53601400767544,1.53601400767544
2.08,1.53941938259408,1.53941938259408
2.09,1.54280127540677,1.54280127540677
2.1,1.54616000661899,1.54616000661899
2.11,1.54949589038699,1.54949589038699
2.12,1.55280923467927,1.55280923467927
2.13,1.55610034143311,1.55610034143311
2.14,1.55936950670634,1.55936950670634
2.15,1.56261702082449,1.56261702082449
2.16,1.56584316852348,1.56584316852348
2.17,1.56904822908807,1.56904822908807
2.18,1.57223247648609,1.57223247648609
2.19,1.57539617949878,1.57539617949878
2.2,1.57853960184717,1.57853960184717
2.21,1.58166300231479,1.58166300231479
2.22,1.58476663486679,1.58476663486679
2.23,1.58785074876555,1.58785074876555
2.24,1.59091558868297,1.59091558868297
2.25,1.5939613948095,1.5939613948095
2.26,1.59698840296003,1.59698840296003
2.27,1.59999684467677,1.59999684467677
2.28,1.60298694732921,1.60298694732921
2.29,1.60595893421118,1.60595893421118
2.3,1.60891302463528,1.60891302463528
2.31,1.6118494340246,1.6118494340246
2.32,1.61476837400186,1.61476837400186
2.33,1.61767005247612,1.61767005247612
2.34,1.62055467372709,1.62055467372709
2.35,1.62342243848707,1.62342243848707
2.36,1.62627354402072,1.62627354402072
2.37,1.62910818420257,1.62910818420257
2.38,1.63192654959252,1.63192654959252
2.39,1.63472882750921,1.63472882750921
2.4,1.63751520210151,1.63751520210151
2.41,1.64028585441799,1.64028585441799
2.42,1.64304096247466,1.64304096247466
2.43,1.6457807013208,1.6457807013208
2.44,1.64850524310314,1.64850524310314
2.45,1.6512147571283,1.6512147571283
2.46,1.65390940992365,1.65390940992365
2.47,1.65658936529649,1.65658936529649
2.48,1.65925478439183,1.65925478439183
2.49,1.66190582574856,1.66190582574856
2.5,1.66454264535424,1.66454264535424
2.51,1.66716539669848,1.66716539669848
2.52,1.66977423082496,1.66977423082496
2.53,1.6723692963821,1.6723692963821
2.54,1.67495073967253,1.67495073967253
2.55,1.67751870470121,1.67751870470121
2.56,1.68007333322245,1.68007333322245
2.57,1.68261476478568,1.68261476478568
2.58,1.68514313678015,1.68514313678015
2.59,1.68765858447846,1.68765858447846
2.6,1.69016124107909,1.69016124107909
2.61,1.69265123774782,1.69265123774782
2.62,1.6951287036582,1.6951287036582
2.63,1.697593766031,1.697593766031
2.64,1.70004655017274,1.70004655017274
2.65,1.70248717951324,1.70248717951324
2.66,1.70491577564233,1.70491577564233
2.67,1.70733245834566,1.70733245834566
2.68,1.70973734563963,1.70973734563963
2.69,1.71213055380555,1.71213055380555
2.7,1.71451219742296,1.71451219742296
2.71,1.71688238940216,1.71688238940216
2.72,1.71924124101602,1.71924124101602
2.73,1.721588861931,1.721588861931
2.74,1.72392536023749,1.72392536023749
2.75,1.72625084247945,1.72625084247945
2.76,1.72856541368332,1.72856541368332
2.77,1.73086917738635,1.73086917738635
2.78,1.73316223566418,1.73316223566418
2.79,1.73544468915793,1.73544468915793
2.8,1.73771663710051,1.73771663710051
2.81,1.73997817734251,1.73997817734251
2.82,1.74222940637737,1.74222940637737
2.83,1.74447041936607,1.74447041936607
2.84,1.74670131016126,1.74670131016126
2.85,1.74892217133079,1.74892217133079
2.86,1.75113309418082,1.75113309418082
2.87,1.75333416877837,1.75333416877837
2.88,1.75552548397336,1.75552548397336
2.89,1.75770712742017,1.75770712742017
2.9,1.75987918559883,1.75987918559883
2.91,1.76204174383557,1.76204174383557
2.92,1.76419488632311,1.76419488632311
2.93,1.76633869614039,1.76633869614039
2.94,1.76847325527193,1.76847325527193
2.95,1.7705986446268,1.7705986446268
2.96,1.77271494405709,1.77271494405709
2.97,1.77482223237614,1.77482223237614
2.98,1.77692058737621,1.77692058737621
2.99,1.77901008584596,1.77901008584596
3,1.78109080358741,1.78109080358741
3.01,1.78316281543265,1.78316281543265
3.02,1.78522619526015,1.78522619526015
3.03,1.78728101601075,1.78728101601075
3.04,1.78932734970332,1.78932734970332
3.05,1.7913652674501,1.7913652674501
3.06,1.79339483947172,1.79339483947172
3.07,1.79541613511195,1.79541613511195
3.08,1.79742922285206,1.79742922285206
3.09,1.799434170325,1.799434170325
3.1,1.80143104432921,1.80143104432921
3.11,1.80341991084224,1.80341991084224
3.12,1.80540083503396,1.80540083503396
3.13,1.80737388127968,1.80737388127968
3.14,1.80933911317287,1.80933911317287
3.15,1.81129659353767,1.81129659353767
3.16,1.81324638444121,1.81324638444121
3.17,1.8151885472056,1.8151885472056
3.18,1.81712314241975,1.81712314241975
3.19,1.81905022995093,1.81905022995093
3.2,1.82096986895611,1.82096986895611
3.21,1.82288211789306,1.82288211789306
3.22,1.82478703453131,1.82478703453131
3.23,1.82668467596282,1.82668467596282
3.24,1.82857509861246,1.82857509861246
3.25,1.83045835824832,1.83045835824832
3.26,1.8323345099918,1.8323345099918
3.27,1.83420360832753,1.83420360832753
3.28,1.83606570711308,1.83606570711308
3.29,1.83792085958849,1.83792085958849
3.3,1.83976911838565,1.83976911838565
3.31,1.84161053553744,1.84161053553744
3.32,1.8434451624868,1.8434451624868
3.33,1.84527305009554,1.84527305009554
3.34,1.847094248653,1.847094248653
3.35,1.84890880788462,1.84890880788462
3.36,1.85071677696029,1.85071677696029
3.37,1.85251820450254,1.85251820450254
3.38,1.85431313859461,1.85431313859461
3.39,1.85610162678838,1.85610162678838
3.4,1.85788371611214,1.85788371611214
3.41,1.85965945307819,1.85965945307819
3.42,1.8614288836904,1.8614288836904
3.43,1.8631920534515,1.8631920534515
3.44,1.86494900737033,1.86494900737033
3.45,1.86669978996897,1.86669978996897
3.46,1.86844444528969,1.86844444528969
3.47,1.87018301690177,1.87018301690177
3.48,1.8719155479083,1.8719155479083
3.49,1.87364208095273,1.87364208095273
3.5,1.87536265822538,1.87536265822538
3.51,1.87707732146985,1.87707732146985
3.52,1.87878611198925,1.87878611198925
3.53,1.88048907065238,1.88048907065238
3.54,1.8821862378998,1.8821862378998
3.55,1.88387765374975,1.88387765374975
3.56,1.88556335780402,1.88556335780402
3.57,1.88724338925371,1.88724338925371
3.58,1.88891778688484,1.88891778688484
3.59,1.89058658908394,1.89058658908394
3.6,1.89224983384348,1.89224983384348
3.61,1.89390755876729,1.89390755876729
3.62,1.89555980107576,1.89555980107576
3.63,1.89720659761111,1.89720659761111
3.64,1.89884798484242,1.89884798484242
3.65,1.9004839988707,1.9004839988707
3.66,1.90211467543379,1.90211467543379
3.67,1.90374004991122,1.90374004991122
3.68,1.90536015732899,1.90536015732899
3.69,1.90697503236424,1.90697503236424
3.7,1.90858470934992,1.90858470934992
3.71,1.91018922227923,1.91018922227923
3.72,1.91178860481019,1.91178860481019
3.73,1.91338289026996,1.91338289026996
3.74,1.91497211165922,1.91497211165922
3.75,1.91655630165634,1.91655630165634
3.76,1.91813549262166,1.91813549262166
3.77,1.91970971660153,1.91970971660153
3.78,1.92127900533238,1.92127900533238
3.79,1.92284339024474,1.92284339024474
3.8,1.92440290246711,1.92440290246711
3.81,1.92595757282983,1.92595757282983
3.82,1.92750743186893,1.92750743186893
3.83,1.92905250982978,1.92905250982978
3.84,1.93059283667083,1.93059283667083
3.85,1.93212844206724,1.93212844206724
3.86,1.93365935541438,1.93365935541438
3.87,1.9351856058314,1.9351856058314
3.88,1.93670722216467,1.93670722216467
3.89,1.93822423299116,1.93822423299116
3.9,1.9397366666218,1.9397366666218
3.91,1.94124455110479,1.94124455110479
3.92,1.94274791422883,1.94274791422883
3.93,1.9442467835263,1.9442467835263
3.94,1.94574118627644,1.94574118627644
3.95,1.94723114950845,1.94723114950845
3.96,1.9487167000045,1.9487167000045
3.97,1.95019786430278,1.95019786430278
3.98,1.95167466870043,1.95167466870043
3.99,1.95314713925648,1.95314713925648
4,1.9546153017947,1.9546153017947
4.01,1.95607918190646,1.95607918190646
4.02,1.95753880495345,1.95753880495345
4.03,1.95899419607053,1.95899419607053
4.04,1.96044538016832,1.96044538016832
4.05,1.96189238193595,1.96189238193595
4.06,1.96333522584366,1.96333522584366
4.07,1.96477393614535,1.96477393614535
4.08,1.96620853688118,1.96620853688118
4.09,1.96763905188005,1.96763905188005
4.1,1.9690655047621,1.9690655047621
4.11,1.97048791894111,1.97048791894111
4.12,1.97190631762694,1.97190631762694
4.13,1.97332072382787,1.97332072382787
4.14,1.97473116035296,1.97473116035296
4.15,1.97613764981433,1.97613764981433
4.16,1.97754021462943,1.97754021462943
4.17,1.97893887702328,1.97893887702328
4.18,1.98033365903069,1.98033365903069
4.19,1.98172458249838,1.98172458249838
4.2,1.98311166908718,1.98311166908718
4.21,1.98449494027411,1.98449494027411
4.22,1.98587441735446,1.98587441735446
4.23,1.98725012144385,1.98725012144385
4.24,1.98862207348024,1.98862207348024
4.25,1.98999029422594,1.98999029422594
4.26,1.99135480426957,1.99135480426957
4.27,1.992715624028,1.992715624028
4.28,1.99407277374824,1.99407277374824
4.29,1.99542627350938,1.99542627350938
4.3,1.99677614322438,1.99677614322438
4.31,1.99812240264196,1.99812240264196
4.32,1.99946507134838,1.99946507134838
4.33,2.00080416876923,2.00080416876923
4.34,2.00213971417119,2.00213971417119
4.35,2.00347172666377,2.00347172666377
4.36,2.00480022520101,2.00480022520101
4.37,2.00612522858318,2.00612522858318
4.38,2.00744675545844,2.00744675545844
4.39,2.00876482432449,2.00876482432449
4.4,2.01007945353018,2.01007945353018
4.41,2.0113906612771,2.0113906612771
4.42,2.01269846562122,2.01269846562122
4.43,2.01400288447434,2.01400288447434
4.44,2.01530393560573,2.01530393560573
4.45,2.01660163664359,2.01660163664359
4.46,2.01789600507656,2.01789600507656
4.47,2.01918705825517,2.01918705825517
4.48,2.02047481339336,2.02047481339336
4.49,2.02175928756984,2.02175928756984
4.5,2.02304049772958,2.02304049772958
4.51,2.02431846068515,2.02431846068515
4.52,2.02559319311813,2.02559319311813
4.53,2.02686471158049,2.02686471158049
4.54,2.02813303249589,2.02813303249589
4.55,2.02939817216106,2.02939817216106
4.56,2.03066014674707,2.03066014674707
4.57,2.03191897230066,2.03191897230066
4.58,2.03317466474548,2.03317466474548
4.59,2.03442723988339,2.03442723988339
4.6,2.03567671339566,2.03567671339566
4.61,2.03692310084425,2.03692310084425
4.62,2.03816641767299,2.03816641767299
4.63,2.0394066792088,2.0394066792088
4.64,2.04064390066283,2.04064390066283
4.65,2.0418780971317,2.0418780971317
4.66,2.04310928359859,2.04310928359859
4.67,2.04433747493441,2.04433747493441
4.68,2.04556268589891,2.04556268589891
4.69,2.04678493114181,2.04678493114181
4.7,2.04800422520388,2.04800422520388
4.71,2.04922058251801,2.04922058251801
4.72,2.05043401741034,2.05043401741034
4.73,2.05164454410124,2.05164454410124
4.74,2.05285217670641,2.05285217670641
4.75,2.05405692923786,2.05405692923786
4.76,2.055258815605,2.055258815605
4.77,2.05645784961557,2.05645784961557
4.78,2.05765404497669,2.05765404497669
4.79,2.05884741529578,2.05884741529578
4.8,2.06003797408162,2.06003797408162
4.81,2.06122573474521,2.06122573474521
4.82,2.06241071060078,2.06241071060078
4.83,2.06359291486671,2.06359291486671
4.84,2.06477236066642,2.06477236066642
4.85,2.06594906102935,2.06594906102935
4.86,2.0671230288918,2.0671230288918
4.87,2.06829427709782,2.06829427709782
4.88,2.06946281840016,2.06946281840016
4.89,2.07062866546105,2.07062866546105
4.9,2.07179183085311,2.07179183085311
4.91,2.0729523270602,2.0729523270602
4.92,2.07411016647823,2.07411016647823
4.93,2.07526536141602,2.07526536141602
4.94,2.07641792409609,2.07641792409609
4.95,2.0775678666555,2.0775678666555
4.96,2.07871520114662,2.07871520114662
4.97,2.07985993953795,2.07985993953795
4.98,2.08100209371486,2.08100209371486
4.99,2.08214167548041,2.08214167548041
5,2.08327869655609,2.08327869655609
5.01,2.08441316858257,2.08441316858257
5.02,2.08554510312045,2.08554510312045
5.03,2.086674511651,2.086674511651
5.04,2.08780140557689,2.08780140557689
5.05,2.08892579622291,2.08892579622291
5.06,2.09004769483667,2.09004769483667
5.07,2.09116711258933,2.09116711258933
5.08,2.09228406057626,2.09228406057626
5.09,2.09339854981776,2.09339854981776
5.1,2.09451059125972,2.09451059125972
5.11,2.09562019577431,2.09562019577431
5.12,2.09672737416062,2.09672737416062
5.13,2.09783213714536,2.09783213714536
5.14,2.09893449538345,2.09893449538345
5.15,2.1000344594587,2.1000344594587
5.16,2.10113203988447,2.10113203988447
5.17,2.10222724710423,2.10222724710423
5.18,2.10332009149226,2.10332009149226
5.19,2.10441058335418,2.10441058335418
5.2,2.10549873292763,2.10549873292763
5.21,2.10658455038285,2.10658455038285
5.22,2.10766804582324,2.10766804582324
5.23,2.10874922928601,2.10874922928601
5.24,2.10982811074269,2.10982811074269
5.25,2.11090470009977,2.11090470009977
5.26,2.11197900719923,2.11197900719923
5.27,2.1130510418191,2.1130510418191
5.28,2.11412081367405,2.11412081367405
5.29,2.11518833241591,2.11518833241591
5.3,2.11625360763422,2.11625360763422
5.31,2.11731664885677,2.11731664885677
5.32,2.11837746555014,2.11837746555014
5.33,2.11943606712021,2.11943606712021
5.34,2.12049246291272,2.12049246291272
5.35,2.12154666221371,2.12154666221371
5.36,2.12259867425013,2.12259867425013
5.37,2.12364850819025,2.12364850819025
5.38,2.12469617314421,2.12469617314421
5.39,2.12574167816453,2.12574167816453
5.4,2.12678503224655,2.12678503224655
5.41,2.12782624432893,2.12782624432893
5.42,2.12886532329415,2.12886532329415
5.43,2.12990227796897,2.12990227796897
5.44,2.13093711712489,2.13093711712489
5.45,2.13196984947861,2.13196984947861
5.46,2.13300048369252,2.13300048369252
5.47,2.13402902837511,2.13402902837511
5.48,2.13505549208145,2.13505549208145
5.49,2.13607988331363,2.13607988331363
5.5,2.13710221052119,2.13710221052119
5.51,2.13812248210156,2.13812248210156
5.52,2.13914070640049,2.13914070640049
5.53,2.14015689171247,2.14015689171247
5.54,2.14117104628116,2.14117104628116
5.55,2.14218317829982,2.14218317829982
5.56,2.14319329591169,2.14319329591169
5.57,2.14420140721042,2.14420140721042
5.58,2.14520752024049,2.14520752024049
5.59,2.14621164299756,2.14621164299756
5.6,2.14721378342892,2.14721378342892
5.61,2.14821394943387,2.14821394943387
5.62,2.14921214886407,2.14921214886407
5.63,2.15020838952398,2.15020838952398
5.64,2.15120267917121,2.15120267917121
5.65,2.15219502551688,2.15219502551688
5.66,2.15318543622605,2.15318543622605
5.67,2.15417391891801,2.15417391891801
5.68,2.15516048116674,2.15516048116674
5.69,2.15614513050118,2.15614513050118
5.7,2.15712787440564,2.15712787440564
5.71,2.15810872032014,2.15810872032014
5.72,2.15908767564079,2.15908767564079
5.73,2.16006474772008,2.16006474772008
5.74,2.16103994386728,2.16103994386728
5.75,2.16201327134874,2.16201327134874
5.76,2.16298473738825,2.16298473738825
5.77,2.16395434916737,2.16395434916737
5.78,2.16492211382577,2.16492211382577
5.79,2.16588803846153,2.16588803846153
5.8,2.1668521301315,2.1668521301315
5.81,2.16781439585159,2.16781439585159
5.82,2.16877484259709,2.16877484259709
5.83,2.16973347730303,2.16973347730303
5.84,2.17069030686443,2.17069030686443
5.85,2.17164533813665,2.17164533813665
5.86,2.17259857793566,2.17259857793566
5.87,2.17355003303841,2.17355003303841
5.88,2.17449971018304,2.17449971018304
5.89,2.17544761606925,2.17544761606925
5.9,2.17639375735856,2.17639375735856
5.91,2.1773381406746,2.1773381406746
5.92,2.17828077260342,2.17828077260342
5.93,2.17922165969376,2.17922165969376
5.94,2.18016080845734,2.18016080845734
5.95,2.18109822536913,2.18109822536913
5.96,2.18203391686762,2.18203391686762
5.97,2.18296788935515,2.18296788935515
5.98,2.18390014919811,2.18390014919811
5.99,2.18483070272725,2.18483070272725
6,2.18575955623795,2.18575955623795
6.01,2.18668671599046,2.18668671599046
6.02,2.18761218821019,2.18761218821019
6.03,2.18853597908794,2.18853597908794
6.04,2.18945809478021,2.18945809478021
6.05,2.19037854140939,2.19037854140939
6.06,2.19129732506405,2.19129732506405
6.07,2.19221445179919,2.19221445179919
6.08,2.19312992763647,2.19312992763647
6.09,2.19404375856449,2.19404375856449
6.1,2.19495595053898,2.19495595053898
6.11,2.19586650948311,2.19586650948311
6.12,2.19677544128766,2.19677544128766
6.13,2.1976827518113,2.1976827518113
6.14,2.19858844688083,2.19858844688083
6.15,2.19949253229136,2.19949253229136
6.16,2.20039501380661,2.20039501380661
6.17,2.2012958971591,2.2012958971591
6.18,2.20219518805035,2.20219518805035
6.19,2.20309289215118,2.20309289215118
6.2,2.20398901510187,2.20398901510187
6.21,2.20488356251238,2.20488356251238
6.22,2.20577653996261,2.20577653996261
6.23,2.20666795300258,2.20666795300258
6.24,2.20755780715266,2.20755780715266
6.25,2.20844610790378,2.20844610790378
6.26,2.20933286071764,2.20933286071764
6.27,2.21021807102692,2.21021807102692
6.28,2.21110174423548,2.21110174423548
6.29,2.21198388571857,2.21198388571857
6.3,2.21286450082302,2.21286450082302
6.31,2.21374359486749,2.21374359486749
6.32,2.21462117314259,2.21462117314259
6.33,2.21549724091116,2.21549724091116
6.34,2.21637180340839,2.21637180340839
6.35,2.21724486584208,2.21724486584208
6.36,2.21811643339279,2.21811643339279
6.37,2.21898651121404,2.21898651121404
6.38,2.21985510443252,2.21985510443252
6.39,2.22072221814825,2.22072221814825
6.4,2.22158785743476,2.22158785743476
6.41,2.22245202733933,2.22245202733933
6.42,2.2233147328831,2.2233147328831
6.43,2.2241759790613,2.2241759790613
6.44,2.2250357708434,2.2250357708434
6.45,2.22589411317332,2.22589411317332
6.46,2.22675101096958,2.22675101096958
6.47,2.22760646912547,2.22760646912547
6.48,2.22846049250926,2.22846049250926
6.49,2.22931308596433,2.22931308596433
6.5,2.23016425430937,2.23016425430937
6.51,2.23101400233852,2.23101400233852
6.52,2.23186233482156,2.23186233482156
6.53,2.23270925650409,2.23270925650409
6.54,2.23355477210766,2.23355477210766
6.55,2.23439888632994,2.23439888632994
6.56,2.2352416038449,2.2352416038449
6.57,2.23608292930296,2.23608292930296
6.58,2.23692286733115,2.23692286733115
6.59,2.23776142253325,2.23776142253325
6.6,2.23859859949,2.23859859949
6.61,2.23943440275918,2.23943440275918
6.62,2.24026883687582,2.24026883687582
6.63,2.24110190635234,2.24110190635234
6.64,2.24193361567868,2.24193361567868
6.65,2.24276396932248,2.24276396932248
6.66,2.24359297172921,2.24359297172921
6.67,2.24442062732232,2.24442062732232
6.68,2.24524694050337,2.24524694050337
6.69,2.24607191565224,2.24607191565224
6.7,2.24689555712717,2.24689555712717
6.71,2.247717869265,2.247717869265
6.72,2.24853885638125,2.24853885638125
6.73,2.2493585227703,2.2493585227703
6.74,2.25017687270548,2.25017687270548
6.75,2.25099391043925,2.25099391043925
6.76,2.25180964020335,2.25180964020335
6.77,2.25262406620887,2.25262406620887
6.78,2.25343719264646,2.25343719264646
6.79,2.25424902368639,2.25424902368639
6.8,2.25505956347875,2.25505956347875
6.81,2.25586881615355,2.25586881615355
6.82,2.25667678582083,2.25667678582083
6.83,2.25748347657084,2.25748347657084
6.84,2.25828889247411,2.25828889247411
6.85,2.25909303758163,2.25909303758163
6.86,2.25989591592494,2.25989591592494
6.87,2.26069753151626,2.26069753151626
6.88,2.26149788834864,2.26149788834864
6.89,2.26229699039605,2.26229699039605
6.9,2.26309484161352,2.26309484161352
6.91,2.26389144593726,2.26389144593726
6.92,2.26468680728478,2.26468680728478
6.93,2.26548092955498,2.26548092955498
6.94,2.26627381662833,2.26627381662833
6.95,2.26706547236693,2.26706547236693
6.96,2.26785590061467,2.26785590061467
6.97,2.26864510519728,2.26864510519728
6.98,2.26943308992253,2.26943308992253
6.99,2.27021985858029,2.27021985858029
7,2.27100541494265,2.27100541494265
7.01,2.27178976276402,2.27178976276402
7.02,2.27257290578128,2.27257290578128
7.03,2.27335484771386,2.27335484771386
7.04,2.27413559226386,2.27413559226386
7.05,2.27491514311613,2.27491514311613
7.06,2.27569350393844,2.27569350393844
7.07,2.2764706783815,2.2764706783815
7.08,2.27724667007916,2.27724667007916
7.09,2.27802148264844,2.27802148264844
7.1,2.27879511968967,2.27879511968967
7.11,2.27956758478659,2.27956758478659
7.12,2.28033888150644,2.28033888150644
7.13,2.28110901340008,2.28110901340008
7.14,2.28187798400207,2.28187798400207
7.15,2.28264579683078,2.28264579683078
7.16,2.28341245538852,2.28341245538852
7.17,2.28417796316156,2.28417796316156
7.18,2.28494232362032,2.28494232362032
7.19,2.2857055402194,2.2857055402194
7.2,2.28646761639771,2.28646761639771
7.21,2.28722855557855,2.28722855557855
7.22,2.28798836116972,2.28798836116972
7.23,2.28874703656359,2.28874703656359
7.24,2.28950458513722,2.28950458513722
7.25,2.29026101025244,2.29026101025244
7.26,2.29101631525594,2.29101631525594
7.27,2.29177050347937,2.29177050347937
7.28,2.29252357823941,2.29252357823941
7.29,2.2932755428379,2.2932755428379
7.3,2.29402640056189,2.29402640056189
7.31,2.29477615468373,2.29477615468373
7.32,2.29552480846119,2.29552480846119
7.33,2.29627236513753,2.29627236513753
7.34,2.29701882794157,2.29701882794157
7.35,2.29776420008779,2.29776420008779
7.36,2.29850848477645,2.29850848477645
7.37,2.29925168519358,2.29925168519358
7.38,2.29999380451119,2.29999380451119
7.39,2.30073484588724,2.30073484588724
7.4,2.3014748124658,2.3014748124658
7.41,2.30221370737708,2.30221370737708
7.42,2.30295153373756,2.30295153373756
7.43,2.30368829465002,2.30368829465002
7.44,2.30442399320367,2.30442399320367
7.45,2.30515863247419,2.30515863247419
7.46,2.30589221552383,2.30589221552383
7.47,2.30662474540148,2.30662474540148
7.48,2.30735622514277,2.30735622514277
7.49,2.3080866577701,2.3080866577701
7.5,2.30881604629278,2.30881604629278
7.51,2.30954439370703,2.30954439370703
7.52,2.31027170299615,2.31027170299615
7.53,2.3109979771305,2.3109979771305
7.54,2.31172321906764,2.31172321906764
7.55,2.31244743175237,2.31244743175237
7.56,2.31317061811684,2.31317061811684
7.57,2.31389278108057,2.31389278108057
7.58,2.31461392355058,2.31461392355058
7.59,2.3153340484214,2.3153340484214
7.6,2.3160531585752,2.3160531585752
7.61,2.31677125688184,2.31677125688184
7.62,2.31748834619892,2.31748834619892
7.63,2.31820442937188,2.31820442937188
7.64,2.31891950923404,2.31891950923404
7.65,2.3196335886067,2.3196335886067
7.66,2.3203466702992,2.3203466702992
7.67,2.32105875710896,2.32105875710896
7.68,2.32176985182158,2.32176985182158
7.69,2.3224799572109,2.3224799572109
7.7,2.32318907603906,2.32318907603906
7.71,2.32389721105657,2.32389721105657
7.72,2.32460436500237,2.32460436500237
7.73,2.32531054060391,2.32531054060391
7.74,2.32601574057718,2.32601574057718
7.75,2.32671996762683,2.32671996762683
7.76,2.32742322444619,2.32742322444619
7.77,2.32812551371734,2.32812551371734
7.78,2.32882683811117,2.32882683811117
7.79,2.32952720028749,2.32952720028749
7.8,2.330226602895,2.330226602895
7.81,2.33092504857144,2.33092504857144
7.82,2.33162253994361,2.33162253994361
7.83,2.33231907962744,2.33231907962744
7.84,2.33301467022803,2.33301467022803
7.85,2.33370931433974,2.33370931433974
7.86,2.33440301454623,2.33440301454623
7.87,2.33509577342053,2.33509577342053
7.88,2.33578759352509,2.33578759352509
7.89,2.33647847741185,2.33647847741185
7.9,2.33716842762228,2.33716842762228
7.91,2.33785744668745,2.33785744668745
7.92,2.33854553712809,2.33854553712809
7.93,2.33923270145464,2.33923270145464
7.94,2.33991894216729,2.33991894216729
7.95,2.34060426175608,2.34060426175608
7.96,2.3412886627009,2.3412886627009
7.97,2.34197214747161,2.34197214747161
7.98,2.34265471852802,2.34265471852802
7.99,2.34333637832001,2.34333637832001
8,2.34401712928755,2.34401712928755
8.01,2.34469697386075,2.34469697386075
8.02,2.34537591445993,2.34537591445993
8.02999999999999,2.34605395349567,2.34605395349567
8.04,2.34673109336887,2.34673109336887
8.05,2.34740733647076,2.34740733647076
8.06,2.34808268518301,2.34808268518301
8.07,2.34875714187775,2.34875714187775
8.08,2.34943070891761,2.34943070891761
8.09,2.35010338865581,2.35010338865581
8.1,2.35077518343617,2.35077518343617
8.10999999999999,2.35144609559318,2.35144609559318
8.12,2.35211612745205,2.35211612745205
8.13,2.35278528132876,2.35278528132876
8.14,2.3534535595301,2.3534535595301
8.15,2.35412096435373,2.35412096435373
8.16,2.3547874980882,2.3547874980882
8.17,2.35545316301306,2.35545316301306
8.18,2.35611796139883,2.35611796139883
8.19,2.35678189550712,2.35678189550712
8.19999999999999,2.35744496759061,2.35744496759061
8.21,2.35810717989316,2.35810717989316
8.22,2.3587685346498,2.3587685346498
8.23,2.35942903408682,2.35942903408682
8.24,2.36008868042181,2.36008868042181
8.25,2.36074747586367,2.36074747586367
8.26,2.36140542261268,2.36140542261268
8.27,2.36206252286057,2.36206252286057
8.27999999999999,2.36271877879051,2.36271877879051
8.29,2.36337419257722,2.36337419257722
8.3,2.36402876638693,2.36402876638693
8.31,2.36468250237753,2.36468250237753
8.32,2.36533540269849,2.36533540269849
8.33,2.36598746949104,2.36598746949104
8.34,2.36663870488808,2.36663870488808
8.35,2.36728911101432,2.36728911101432
8.35999999999999,2.36793868998629,2.36793868998629
8.37,2.36858744391235,2.36858744391235
8.38,2.36923537489279,2.36923537489279
8.39,2.36988248501984,2.36988248501984
8.4,2.37052877637769,2.37052877637769
8.41,2.37117425104259,2.37117425104259
8.42,2.37181891108283,2.37181891108283
8.43,2.37246275855882,2.37246275855882
8.44,2.37310579552311,2.37310579552311
8.44999999999999,2.37374802402046,2.37374802402046
8.46,2.37438944608782,2.37438944608782
8.47,2.37503006375444,2.37503006375444
8.48,2.37566987904185,2.37566987904185
8.49,2.37630889396395,2.37630889396395
8.5,2.37694711052701,2.37694711052701
8.51,2.37758453072972,2.37758453072972
8.52,2.37822115656323,2.37822115656323
8.52999999999999,2.37885699001122,2.37885699001122
8.54,2.37949203304985,2.37949203304985
8.55,2.38012628764791,2.38012628764791
8.56,2.38075975576678,2.38075975576678
8.57,2.38139243936047,2.38139243936047
8.58,2.3820243403757,2.3820243403757
8.59,2.38265546075191,2.38265546075191
8.6,2.38328580242129,2.38328580242129
8.60999999999999,2.38391536730884,2.38391536730884
8.62,2.38454415733237,2.38454415733237
8.63,2.38517217440257,2.38517217440257
8.64,2.38579942042303,2.38579942042303
8.65,2.38642589729029,2.38642589729029
8.66,2.38705160689383,2.38705160689383
8.67,2.38767655111618,2.38767655111618
8.68,2.38830073183288,2.38830073183288
8.69,2.38892415091255,2.38892415091255
8.7,2.38954681021695,2.38954681021695
8.71,2.39016871160094,2.39016871160094
8.72,2.3907898569126,2.3907898569126
8.73,2.3914102479932,2.3914102479932
8.74,2.39202988667726,2.39202988667726
8.75,2.39264877479257,2.39264877479257
8.76,2.39326691416025,2.39326691416025
8.77,2.39388430659475,2.39388430659475
8.77999999999999,2.39450095390392,2.39450095390392
8.79,2.39511685788898,2.39511685788898
8.8,2.39573202034463,2.39573202034463
8.81,2.39634644305901,2.39634644305901
8.82,2.3969601278138,2.3969601278138
8.83,2.3975730763842,2.3975730763842
8.84,2.39818529053897,2.39818529053897
8.85,2.39879677204047,2.39879677204047
8.85999999999999,2.39940752264472,2.39940752264472
8.87,2.40001754410137,2.40001754410137
8.88,2.40062683815377,2.40062683815377
8.89,2.401235406539,2.401235406539
8.9,2.40184325098788,2.40184325098788
8.91,2.40245037322502,2.40245037322502
8.92,2.40305677496885,2.40305677496885
8.93,2.40366245793164,2.40366245793164
8.94,2.40426742381951,2.40426742381951
8.95,2.40487167433251,2.40487167433251
8.96,2.40547521116461,2.40547521116461
8.97,2.40607803600374,2.40607803600374
8.98,2.40668015053181,2.40668015053181
8.99,2.40728155642475,2.40728155642475
9,2.40788225535256,2.40788225535256
9.01,2.40848224897927,2.40848224897927
9.02,2.40908153896305,2.40908153896305
9.02999999999999,2.40968012695618,2.40968012695618
9.04,2.4102780146051,2.4102780146051
9.05,2.41087520355045,2.41087520355045
9.06,2.41147169542705,2.41147169542705
9.07,2.41206749186401,2.41206749186401
9.08,2.41266259448465,2.41266259448465
9.09,2.41325700490664,2.41325700490664
9.1,2.41385072474193,2.41385072474193
9.10999999999999,2.41444375559682,2.41444375559682
9.12,2.41503609907203,2.41503609907203
9.13,2.41562775676262,2.41562775676262
9.14,2.41621873025811,2.41621873025811
9.15,2.41680902114248,2.41680902114248
9.16,2.41739863099416,2.41739863099416
9.17,2.41798756138611,2.41798756138611
9.18,2.41857581388582,2.41857581388582
9.19,2.41916339005531,2.41916339005531
9.2,2.41975029145121,2.41975029145121
9.21,2.42033651962475,2.42033651962475
9.22,2.42092207612177,2.42092207612177
9.23,2.4215069624828,2.4215069624828
9.24,2.42209118024302,2.42209118024302
9.25,2.42267473093234,2.42267473093234
9.26,2.42325761607538,2.42325761607538
9.27,2.42383983719152,2.42383983719152
9.27999999999999,2.42442139579494,2.42442139579494
9.29,2.42500229339458,2.42500229339458
9.3,2.42558253149425,2.42558253149425
9.31,2.42616211159258,2.42616211159258
9.32,2.42674103518308,2.42674103518308
9.33,2.42731930375417,2.42731930375417
9.34,2.42789691878918,2.42789691878918
9.35,2.42847388176637,2.42847388176637
9.35999999999999,2.429050194159,2.429050194159
9.37,2.42962585743529,2.42962585743529
9.38,2.43020087305849,2.43020087305849
9.39,2.43077524248687,2.43077524248687
9.4,2.43134896717378,2.43134896717378
9.41,2.43192204856761,2.43192204856761
9.42,2.43249448811191,2.43249448811191
9.43,2.4330662872453,2.4330662872453
9.44,2.43363744740158,2.43363744740158
9.45,2.4342079700097,2.4342079700097
9.46,2.43477785649382,2.43477785649382
9.47,2.43534710827328,2.43534710827328
9.48,2.4359157267627,2.4359157267627
9.49,2.4364837133719,2.4364837133719
9.5,2.43705106950603,2.43705106950603
9.51,2.43761779656549,2.43761779656549
9.52,2.43818389594604,2.43818389594604
9.52999999999999,2.43874936903874,2.43874936903874
9.54,2.43931421723004,2.43931421723004
9.55,2.43987844190175,2.43987844190175
9.56,2.44044204443111,2.44044204443111
9.57,2.44100502619075,2.44100502619075
9.58,2.44156738854876,2.44156738854876
9.59,2.44212913286869,2.44212913286869
9.6,2.44269026050957,2.44269026050957
9.60999999999999,2.44325077282593,2.44325077282593
9.62,2.44381067116782,2.44381067116782
9.63,2.44436995688086,2.44436995688086
9.64,2.4449286313062,2.4449286313062
9.65,2.44548669578057,2.44548669578057
9.66,2.44604415163634,2.44604415163634
9.67,2.44660100020145,2.44660100020145
9.68,2.44715724279952,2.44715724279952
9.69,2.4477128807498,2.4477128807498
9.7,2.44826791536725,2.44826791536725
9.71,2.44882234796248,2.44882234796248
9.72,2.44937617984187,2.44937617984187
9.73,2.4499294123075,2.4499294123075
9.74,2.45048204665721,2.45048204665721
9.75,2.45103408418461,2.45103408418461
9.76,2.45158552617911,2.45158552617911
9.77,2.45213637392592,2.45213637392592
9.77999999999999,2.45268662870608,2.45268662870608
9.79,2.45323629179646,2.45323629179646
9.8,2.45378536446982,2.45378536446982
9.81,2.45433384799479,2.45433384799479
9.82,2.45488174363588,2.45488174363588
9.83,2.45542905265355,2.45542905265355
9.84,2.45597577630416,2.45597577630416
9.85,2.45652191584004,2.45652191584004
9.85999999999999,2.4570674725095,2.4570674725095
9.87,2.45761244755681,2.45761244755681
9.88,2.45815684222226,2.45815684222226
9.89,2.45870065774215,2.45870065774215
9.9,2.45924389534884,2.45924389534884
9.91,2.45978655627072,2.45978655627072
9.92,2.46032864173226,2.46032864173226
9.93,2.46087015295403,2.46087015295403
9.94,2.46141109115268,2.46141109115268
9.95,2.46195145754101,2.46195145754101
9.96,2.46249125332794,2.46249125332794
9.97,2.46303047971856,2.46303047971856
9.98,2.46356913791411,2.46356913791411
9.99,2.46410722911203,2.46410722911203
10,2.46464475450597,2.46464475450597
