0.01	1.000082274	-15.34207972
0.02	1.000329423	-7.323325817
0.03	1.000742446	-4.648154713
0.04	1.001323066	-3.30438196
0.05	1.002073809	-2.492348723
0.06	1.002998129	-1.94608882
0.07	1.004100553	-1.551785479
0.08	1.00538687	-1.252584507
0.09	1.006864348	-1.01691675
0.1	1.008541985	-0.825843614
0.11	1.010430801	-0.667311142
0.12	1.012544149	-0.533279534
0.13	1.014898076	-0.418178573
0.14	1.017511704	-0.318025502
0.15	1.020407655	-0.229895946
0.16	1.023612504	-0.151593354
0.17	1.027157265	-0.081435121
0.18	1.031077915	-0.018110031
0.19	1.035415948	0.039419301
0.2	1.040218963	0.091984721
0.21	1.04554129	0.140261331
0.22	1.051444641	0.184802987
0.23	1.057998805	0.226068548
0.24	1.065282367	0.26444157
0.25	1.073383469	0.300245286
0.26	1.082400596	0.333754132
0.27	1.092443406	0.365202723
0.28	1.103633584	0.394792905
0.29	1.116105734	0.422699363
0.3	1.130008308	0.449074096
0.31	1.14550456	0.474050048
0.32	1.16277354	0.497744045
0.33	1.182011125	0.520259211
0.34	1.20343107	0.541686955
0.35	1.227266112	0.562108624
0.36	1.253769087	0.581596876
0.37	1.2832141	0.600216837
0.38	1.315897712	0.618027077
0.39	1.352140173	0.635080432
0.4	1.392286683	0.651424707
0.41	1.436708685	0.667103282
0.42	1.485805197	0.682155621
0.43	1.540004174	0.696617721
0.44	1.599763903	0.710522497
0.45	1.665574435	0.723900113
0.46	1.737959047	0.736778274
0.47	1.817475742	0.749182485
0.48	1.904718777	0.761136265
0.49	2.000320228	0.772661353
0.5	2.10495159	0.783777872
0.51	2.21932541	0.794504489
0.52	2.344196948	0.804858547
0.53	2.48036588	0.814856185
0.54	2.628678031	0.824512447
0.55	2.790027138	0.833841377
0.56	2.965356656	0.842856107
0.57	3.155661587	0.851568929
0.58	3.361990347	0.859991369
0.59	3.585446673	0.868134246
0.6	3.827191551	0.876007732
0.61	4.088445189	0.883621397
0.62	4.370489016	0.890984262
0.63	4.674667722	0.898104834
0.64	5.002391321	0.904991148
0.65	5.355137261	0.911650801
0.66	5.734452556	0.918090983
0.67	6.141955957	0.924318504
0.68	6.579340158	0.930339824
0.69	7.048374031	0.936161074
0.7	7.5509049	0.941788079
0.71	8.088860843	0.947226378
0.72	8.664253035	0.952481243
0.73	9.279178114	0.957557697
0.74	9.935820591	0.962460526
0.75	10.63645529	0.967194301
0.76	11.38344982	0.971763382
0.77	12.17926708	0.976171938
0.78	13.0264678	0.980423955
0.79	13.92771313	0.984523248
0.8	14.88576721	0.98847347
0.81	15.90349985	0.992278121
0.82	16.98388919	0.995940559
0.83	18.13002441	0.999464005
0.84	19.34510847	1.002851552
0.85	20.63246089	1.00610617
0.86	21.99552055	1.009230717
0.87	23.43784855	1.01222794
0.88	24.96313106	1.015100483
0.89	26.57518228	1.017850892
0.9	28.27794732	1.020481621
0.91	30.07550523	1.022995034
0.92	31.97207199	1.025393413
0.93	33.97200355	1.027678958
0.94	36.07979891	1.029853794
0.95	38.30010326	1.031919973
0.96	40.63771108	1.03387948
0.97	43.09756937	1.03573423
0.98	45.68478082	1.03748608
0.99	48.40460708	1.039136823
1	51.26247203	1.040688197
1.01	54.26396511	1.042141884
1.02	57.41484465	1.043499515
1.03	60.72104126	1.04476267
1.04	64.18866126	1.045932881
1.05	67.82399009	1.047011633
1.06	71.63349584	1.048000369
1.07	75.62383272	1.04890049
1.08	79.80184465	1.049713353
1.09	84.17456883	1.050440281
1.1	88.74923934	1.051082556
1.11	93.5332908	1.051641426
1.12	98.53436209	1.052118104
1.13	103.7603	1.05251377
1.14	109.219163	1.052829572
1.15	114.9192252	1.053066628
1.16	120.8689798	1.053226025
1.17	127.0771432	1.053308825
1.18	133.552659	1.053316058
1.19	140.3047016	1.053248732
1.2	147.3426804	1.053107828
1.21	154.6762437	1.052894301
1.22	162.3152826	1.052609084
1.23	170.2699354	1.052253088
1.24	178.5505913	1.051827199
1.25	187.1678947	1.051332287
1.26	196.1327494	1.050769195
1.27	205.4563228	1.050138751
1.28	215.1500499	1.049441763
1.29	225.2256379	1.048679018
1.3	235.69507	1.047851289
1.31	246.5706104	1.046959327
1.32	257.864808	1.046003871
1.33	269.5905013	1.044985641
1.34	281.7608224	1.043905341
1.35	294.3892018	1.042763661
1.36	307.4893727	1.041561277
1.37	321.0753755	1.040298848
1.38	335.1615626	1.03897702
1.39	349.7626028	1.037596429
1.4	364.8934858	1.036157692
1.41	380.5695271	1.034661419
1.42	396.8063728	1.033108203
1.43	413.6200038	1.031498629
1.44	431.0267411	1.029833269
1.45	449.0432505	1.028112681
1.46	467.6865471	1.026337417
1.47	486.9740005	1.024508014
1.48	506.9233395	1.022625002
1.49	527.5526572	1.020688899
1.5	548.8804159	1.018700213
1.51	570.925452	1.016659444
1.52	593.7069811	1.014567082
1.53	617.2446032	1.012423608
1.54	641.5583073	1.010229494
1.55	666.6684774	1.007985204
1.56	692.5958967	1.005691194
1.57	719.3617537	1.003347909
1.58	746.9876466	1.000955792
1.59	775.4955891	0.998515272
1.6	804.9080156	0.996026774
1.61	835.2477865	0.993490716
1.62	866.5381935	0.990907507
1.63	898.8029651	0.98827755
1.64	932.066272	0.985601242
1.65	966.3527324	0.982878973
1.66	1001.687418	0.980111125
1.67	1038.095859	0.977298075
1.68	1075.604049	0.974440195
1.69	1114.238454	0.971537849
1.7	1154.026012	0.968591396
1.71	1194.994145	0.96560119
1.72	1237.170761	0.962567578
1.73	1280.58426	0.959490903
1.74	1325.263542	0.956371502
1.75	1371.238008	0.953209706
1.76	1418.537573	0.950005842
1.77	1467.192665	0.946760233
1.78	1517.234235	0.943473194
1.79	1568.693762	0.940145038
1.8	1621.603258	0.936776073
1.81	1675.995274	0.933366602
1.82	1731.90291	0.929916923
1.83	1789.359813	0.926427331
1.84	1848.400192	0.922898114
1.85	1909.058819	0.91932956
1.86	1971.371034	0.915721951
1.87	2035.372757	0.912075562
1.88	2101.100489	0.90839067
1.89	2168.59132	0.904667543
1.9	2237.882934	0.900906447
1.91	2309.013619	0.897107647
1.92	2382.02227	0.893271399
1.93	2456.948397	0.889397961
1.94	2533.832129	0.885487584
1.95	2612.714224	0.881540517
1.96	2693.636073	0.877557005
1.97	2776.63971	0.87353729
1.98	2861.767811	0.869481611
1.99	2949.06371	0.865390204
2	3038.5714	0.861263302
2.01	3130.335539	0.857101134
2.02	3224.401462	0.852903927
2.03	3320.815181	0.848671906
2.04	3419.623398	0.844405291
2.05	3520.873507	0.8401043
2.06	3624.613604	0.83576915
2.07	3730.892492	0.831400052
2.08	3839.759688	0.826997218
2.09	3951.265432	0.822560854
2.1	4065.460693	0.818091167
2.11	4182.397173	0.813588358
2.12	4302.127318	0.809052628
2.13	4424.704325	0.804484174
2.14	4550.182146	0.799883193
2.15	4678.615498	0.795249877
2.16	4810.059868	0.790584417
2.17	4944.571522	0.785887001
2.18	5082.207512	0.781157817
2.19	5223.025682	0.776397048
2.2	5367.084677	0.771604877
2.21	5514.443951	0.766781483
2.22	5665.163769	0.761927044
2.23	5819.305221	0.757041737
2.24	5976.930227	0.752125736
2.25	6138.101544	0.747179212
2.26	6302.882774	0.742202336
2.27	6471.33837	0.737195276
2.28	6643.533646	0.732158199
2.29	6819.534784	0.727091268
2.3	6999.408841	0.721994648
2.31	7183.223756	0.716868498
2.32	7371.048361	0.711712978
2.33	7562.952383	0.706528246
2.34	7759.006457	0.701314458
2.35	7959.282134	0.696071767
2.36	8163.851884	0.690800327
2.37	8372.789107	0.685500289
2.38	8586.168142	0.680171802
2.39	8804.064274	0.674815014
2.4	9026.553739	0.669430071
2.41	9253.713737	0.664017118
2.42	9485.622439	0.658576298
2.43	9722.358989	0.653107755
2.44	9964.003522	0.647611627
2.45	10210.63716	0.642088054
2.46	10462.34205	0.636537174
2.47	10719.20131	0.630959123
2.48	10981.2991	0.625354036
2.49	11248.72062	0.619722047
2.5	11521.55209	0.614063288
2.51	11799.88076	0.60837789
2.52	12083.79497	0.602665982
2.53	12373.38407	0.596927694
2.54	12668.73853	0.591163152
2.55	12969.94986	0.585372483
2.56	13277.11068	0.579555811
2.57	13590.31469	0.573713261
2.58	13909.6567	0.567844953
2.59	14235.23263	0.561951011
2.6	14567.13952	0.556031553
2.61	14905.47554	0.5500867
2.62	15250.34	0.544116569
2.63	15601.83335	0.538121276
2.64	15960.05721	0.532100938
2.65	16325.11434	0.52605567
2.66	16697.1087	0.519985585
2.67	17076.14542	0.513890796
2.68	17462.33082	0.507771414
2.69	17855.77241	0.501627551
2.7	18256.57894	0.495459315
2.71	18664.86034	0.489266816
2.72	19080.7278	0.483050161
2.73	19504.29372	0.476809457
2.74	19935.67176	0.47054481
2.75	20374.97684	0.464256324
2.76	20822.32512	0.457944105
2.77	21277.83407	0.451608254
2.78	21741.6224	0.445248874
2.79	22213.81014	0.438866066
2.8	22694.51862	0.432459932
2.81	23183.87046	0.426030569
2.82	23681.98962	0.419578078
2.83	24189.00139	0.413102556
2.84	24705.03237	0.4066041
2.85	25230.21055	0.400082806
2.86	25764.66525	0.393538771
2.87	26308.52716	0.386972088
2.88	26861.92836	0.380382852
2.89	27425.00229	0.373771155
2.9	27997.88382	0.36713709
2.91	28580.7092	0.360480749
2.92	29173.61611	0.353802222
2.93	29776.74365	0.3471016
2.94	30390.23234	0.340378972
2.95	31014.22418	0.333634427
2.96	31648.8626	0.326868053
2.97	32294.29249	0.320079936
2.98	32950.66023	0.313270164
2.99	33618.11369	0.306438823
3	34296.80221	0.299585997
3.01	34986.87665	0.292711771
3.02	35688.48939	0.28581623
3.03	36401.79432	0.278899455
3.04	37126.94689	0.271961531
3.05	37864.10406	0.265002539
3.06	38613.42437	0.258022559
3.07	39375.06793	0.251021674
3.08	40149.1964	0.243999963
3.09	40935.97306	0.236957505
3.1	41735.56275	0.229894379
3.11	42548.13196	0.222810664
3.12	43373.84875	0.215706437
3.13	44212.88284	0.208581776
3.14	45065.40559	0.201436756
3.15	45931.58998	0.194271455
3.16	46811.61069	0.187085946
3.17	47705.64403	0.179880306
3.18	48613.86802	0.172654608
3.19	49536.46235	0.165408926
3.2	50473.60844	0.158143334
3.21	51425.48939	0.150857903
3.22	52392.29004	0.143552707
3.23	53374.19696	0.136227817
3.24	54371.39849	0.128883303
3.25	55384.08467	0.121519237
3.26	56412.44737	0.114135688
3.27	57456.68019	0.106732727
3.28	58516.97855	0.099310422
3.29	59593.53964	0.091868842
3.3	60686.56249	0.084408055
3.31	61796.24794	0.076928128
3.32	62922.79866	0.06942913
3.33	64066.41916	0.061911126
3.34	65227.31582	0.054374182
3.35	66405.69687	0.046818366
3.36	67601.77242	0.039243741
3.37	68815.75449	0.031650374
3.38	70047.85697	0.024038327
3.39	71298.29568	0.016407666
3.4	72567.28836	0.008758454
3.41	73855.05467	0.001090754
3.42	75161.81624	-0.006595372
3.43	76487.79665	-0.01429986
3.44	77833.22142	-0.02202265
3.45	79198.31809	-0.029763679
3.46	80583.31617	-0.037522886
3.47	81988.44718	-0.045300212
3.48	83413.94465	-0.053095596
3.49	84860.04413	-0.060908977
3.5	86326.98324	-0.068740297
3.51	87815.0016	-0.076589496
3.52	89324.34094	-0.084456515
3.53	90855.24503	-0.092341297
3.54	92407.95975	-0.100243784
3.55	93982.73304	-0.108163917
3.56	95579.815	-0.116101641
3.57	97199.4578	-0.124056897
3.58	98841.91579	-0.13202963
3.59	100507.4454	-0.140019783
3.6	102196.3053	-0.1480273
3.61	103908.7563	-0.156052128
3.62	105645.0614	-0.164094209
3.63	107405.4857	-0.17215349
3.64	109190.2966	-0.180229917
3.65	110999.7637	-0.188323434
3.66	112834.1588	-0.19643399
3.67	114693.756	-0.204561529
3.68	116578.8316	-0.212706001
3.69	118489.6643	-0.22086735
3.7	120426.5348	-0.229045527
3.71	122389.7263	-0.237240477
3.72	124379.5244	-0.245452151
3.73	126396.2167	-0.253680495
3.74	128440.0933	-0.26192546
3.75	130511.4469	-0.270186994
3.76	132610.572	-0.278465048
3.77	134737.7659	-0.28675957
3.78	136893.3282	-0.295070511
3.79	139077.5608	-0.303397822
3.8	141290.7681	-0.311741453
3.81	143533.2567	-0.320101355
3.82	145805.3359	-0.328477481
3.83	148107.3174	-0.33686978
3.84	150439.5151	-0.345278205
3.85	152802.2458	-0.353702709
3.86	155195.8283	-0.362143244
3.87	157620.5844	-0.370599763
3.88	160076.8379	-0.379072218
3.89	162564.9155	-0.387560563
3.9	165085.1463	-0.396064751
3.91	167637.8618	-0.404584737
3.92	170223.3964	-0.413120475
3.93	172842.0868	-0.421671918
3.94	175494.2723	-0.430239022
3.95	178180.2949	-0.438821741
3.96	180900.4992	-0.447420031
3.97	183655.2324	-0.456033847
3.98	186444.8443	-0.464663145
3.99	189269.6874	-0.47330788
4	192130.1169	-0.481968008
4.01	195026.4906	-0.490643487
4.02	197959.169	-0.499334273
4.03	200928.5154	-0.508040323
4.04	203934.8957	-0.516761593
4.05	206978.6786	-0.525498041
4.06	210060.2356	-0.534249625
4.07	213179.9407	-0.543016303
4.08	216338.1711	-0.551798033
4.09	219535.3065	-0.560594773
4.1	222771.7293	-0.569406481
4.11	226047.825	-0.578233117
4.12	229363.9819	-0.587074639
4.13	232720.5908	-0.595931006
4.14	236118.0458	-0.604802179
4.15	239556.7435	-0.613688116
4.16	243037.0838	-0.622588778
4.17	246559.469	-0.631504124
4.18	250124.3046	-0.640434115
4.19	253731.9992	-0.649378712
4.2	257382.9639	-0.658337874
4.21	261077.6131	-0.667311564
4.22	264816.364	-0.676299742
4.23	268599.6369	-0.68530237
4.24	272427.855	-0.694319409
4.25	276301.4445	-0.703350821
4.26	280220.8347	-0.712396567
4.27	284186.458	-0.721456611
4.28	288198.7496	-0.730530914
4.29	292258.1481	-0.739619439
4.3	296365.0948	-0.748722148
4.31	300520.0345	-0.757839005
4.32	304723.4149	-0.766969973
4.33	308975.6868	-0.776115015
4.34	313277.3041	-0.785274094
4.35	317628.7241	-0.794447175
4.36	322030.4071	-0.803634221
4.37	326482.8165	-0.812835196
4.38	330986.419	-0.822050064
4.39	335541.6846	-0.83127879
4.4	340149.0864	-0.840521339
4.41	344809.1008	-0.849777675
4.42	349522.2073	-0.859047763
4.43	354288.889	-0.868331569
4.44	359109.6321	-0.877629057
4.45	363984.9259	-0.886940194
4.46	368915.2634	-0.896264944
4.47	373901.1407	-0.905603274
4.48	378943.0573	-0.91495515
4.49	384041.5161	-0.924320538
4.5	389197.0232	-0.933699404
4.51	394410.0884	-0.943091714
4.52	399681.2246	-0.952497436
4.53	405010.9483	-0.961916536
4.54	410399.7795	-0.971348982
4.55	415848.2415	-0.98079474
4.56	421356.861	-0.990253777
4.57	426926.1684	-0.999726062
4.58	432556.6976	-1.009211562
4.59	438248.9858	-1.018710244
4.6	444003.5738	-1.028222077
4.61	449821.0061	-1.037747028
4.62	455701.8306	-1.047285066
4.63	461646.5988	-1.05683616
4.64	467655.8659	-1.066400277
4.65	473730.1907	-1.075977388
4.66	479870.1353	-1.085567459
4.67	486076.2659	-1.095170461
4.68	492349.152	-1.104786363
4.69	498689.3671	-1.114415133
4.7	505097.488	-1.124056742
4.71	511574.0956	-1.133711159
4.72	518119.7741	-1.143378353
4.73	524735.1118	-1.153058295
4.74	531420.7006	-1.162750954
4.75	538177.1361	-1.172456301
4.76	545005.0177	-1.182174306
4.77	551904.9488	-1.19190494
4.78	558877.5364	-1.201648172
4.79	565923.3912	-1.211403974
4.8	573043.1282	-1.221172317
4.81	580237.3658	-1.23095317
4.82	587506.7266	-1.240746507
4.83	594851.8368	-1.250552297
4.84	602273.3268	-1.260370512
4.85	609771.8308	-1.270201124
4.86	617347.9868	-1.280044104
4.87	625002.4371	-1.289899425
4.88	632735.8275	-1.299767057
4.89	640548.8083	-1.309646973
4.9	648442.0335	-1.319539144
4.91	656416.1611	-1.329443545
4.92	664471.8533	-1.339360145
4.93	672609.7763	-1.349288919
4.94	680830.6004	-1.359229839
4.95	689134.9998	-1.369182877
4.96	697523.6531	-1.379148007
4.97	705997.2428	-1.389125201
4.98	714556.4556	-1.399114432
4.99	723201.9825	-1.409115675
5	731934.5184	-1.419128901
5.01	740754.7627	-1.429154085
5.02	749663.4187	-1.4391912
5.03	758661.1941	-1.449240219
5.04	767748.8009	-1.459301117
5.05	776926.9551	-1.469373868
5.06	786196.3773	-1.479458445
5.07	795557.7922	-1.489554823
5.08	805011.9288	-1.499662976
5.09	814559.5205	-1.509782879
5.1	824201.3049	-1.519914505
5.11	833938.0242	-1.530057829
5.12	843770.4248	-1.540212827
5.13	853699.2575	-1.550379472
5.14	863725.2776	-1.56055774
5.15	873849.2448	-1.570747607
5.16	884071.9232	-1.580949046
5.17	894394.0813	-1.591162033
5.18	904816.4923	-1.601386544
5.19	915339.9337	-1.611622554
5.2	925965.1875	-1.621870038
5.21	936693.0405	-1.632128972
5.22	947524.2837	-1.642399333
5.23	958459.7129	-1.652681095
5.24	969500.1284	-1.662974235
5.25	980646.3351	-1.673278729
5.26	991899.1425	-1.683594552
5.27	1003259.365	-1.693921682
5.28	1014727.821	-1.704260095
5.29	1026305.334	-1.714609766
5.3	1037992.733	-1.724970673
5.31	1049790.85	-1.735342792
5.32	1061700.524	-1.7457261
5.33	1073722.595	-1.756120574
5.34	1085857.912	-1.76652619
5.35	1098107.327	-1.776942926
5.36	1110471.695	-1.787370759
5.37	1122951.879	-1.797809666
5.38	1135548.746	-1.808259624
5.39	1148263.165	-1.818720611
5.4	1161096.014	-1.829192604
5.41	1174048.173	-1.839675581
5.42	1187120.528	-1.850169519
5.43	1200313.97	-1.860674397
5.44	1213629.395	-1.871190191
5.45	1227067.704	-1.881716881
5.46	1240629.802	-1.892254444
5.47	1254316.599	-1.902802857
5.48	1268129.012	-1.9133621
5.49	1282067.961	-1.923932151
5.5	1296134.373	-1.934512987
5.51	1310329.177	-1.945104588
5.52	1324653.31	-1.955706932
5.53	1339107.713	-1.966319998
5.54	1353693.333	-1.976943763
5.55	1368411.12	-1.987578208
5.56	1383262.03	-1.998223311
5.57	1398247.027	-2.008879051
5.58	1413367.076	-2.019545406
5.59	1428623.15	-2.030222357
5.6	1444016.225	-2.040909882
5.61	1459547.286	-2.051607961
5.62	1475217.318	-2.062316572
5.63	1491027.317	-2.073035696
5.64	1506978.279	-2.083765312
5.65	1523071.21	-2.094505399
5.66	1539307.118	-2.105255937
5.67	1555687.017	-2.116016907
5.68	1572211.928	-2.126788287
5.69	1588882.876	-2.137570058
5.7	1605700.892	-2.148362199
5.71	1622667.012	-2.159164691
5.72	1639782.278	-2.169977514
5.73	1657047.736	-2.180800648
5.74	1674464.44	-2.191634074
5.75	1692033.447	-2.202477771
5.76	1709755.823	-2.213331721
5.77	1727632.634	-2.224195903
5.78	1745664.958	-2.235070298
5.79	1763853.874	-2.245954887
5.8	1782200.468	-2.256849651
5.81	1800705.832	-2.267754571
5.82	1819371.064	-2.278669627
5.83	1838197.266	-2.2895948
5.84	1857185.548	-2.300530071
5.85	1876337.023	-2.311475422
5.86	1895652.813	-2.322430834
5.87	1915134.043	-2.333396287
5.88	1934781.845	-2.344371763
5.89	1954597.356	-2.355357244
5.9	1974581.72	-2.36635271
5.91	1994736.087	-2.377358144
5.92	2015061.611	-2.388373527
5.93	2035559.453	-2.399398841
5.94	2056230.781	-2.410434067
5.95	2077076.766	-2.421479187
5.96	2098098.588	-2.432534182
5.97	2119297.432	-2.443599036
5.98	2140674.487	-2.454673729
5.99	2162230.951	-2.465758244
6	2183968.027	-2.476852563
6.01	2205886.923	-2.487956668
6.02	2227988.854	-2.499070542
6.03	2250275.04	-2.510194166
6.04	2272746.709	-2.521327523
6.05	2295405.094	-2.532470595
6.06	2318251.434	-2.543623365
6.07	2341286.974	-2.554785815
6.08	2364512.966	-2.565957929
6.09	2387930.668	-2.577139688
6.1	2411541.343	-2.588331075
6.11	2435346.262	-2.599532073
6.12	2459346.701	-2.610742666
6.13	2483543.944	-2.621962835
6.14	2507939.278	-2.633192565
6.15	2532534	-2.644431837
6.16	2557329.411	-2.655680635
6.17	2582326.819	-2.666938942
6.18	2607527.538	-2.678206742
6.19	2632932.891	-2.689484017
6.2	2658544.203	-2.700770752
6.21	2684362.809	-2.712066928
6.22	2710390.048	-2.72337253
6.23	2736627.268	-2.734687542
6.24	2763075.822	-2.746011946
6.25	2789737.069	-2.757345727
6.26	2816612.376	-2.768688868
6.27	2843703.115	-2.780041353
6.28	2871010.666	-2.791403165
6.29	2898536.416	-2.802774289
6.3	2926281.756	-2.814154708
6.31	2954248.087	-2.825544406
6.32	2982436.814	-2.836943368
6.33	3010849.35	-2.848351577
6.34	3039487.114	-2.859769017
6.35	3068351.533	-2.871195673
6.36	3097444.039	-2.882631528
6.37	3126766.073	-2.894076568
6.38	3156319.081	-2.905530776
6.39	3186104.516	-2.916994137
6.4	3216123.838	-2.928466635
6.41	3246378.515	-2.939948255
6.42	3276870.021	-2.951438981
6.43	3307599.837	-2.962938798
6.44	3338569.45	-2.97444769
6.45	3369780.355	-2.985965643
6.46	3401234.054	-2.99749264
6.47	3432932.056	-3.009028667
6.48	3464875.876	-3.020573708
6.49	3497067.038	-3.032127749
6.5	3529507.071	-3.043690774
6.51	3562197.512	-3.055262768
6.52	3595139.906	-3.066843717
6.53	3628335.804	-3.078433605
6.54	3661786.764	-3.090032418
6.55	3695494.351	-3.101640141
6.56	3729460.139	-3.113256758
6.57	3763685.707	-3.124882256
6.58	3798172.642	-3.136516619
6.59	3832922.54	-3.148159834
6.6	3867937.002	-3.159811884
6.61	3903217.636	-3.171472757
6.62	3938766.06	-3.183142437
6.63	3974583.897	-3.19482091
6.64	4010672.778	-3.206508162
6.65	4047034.342	-3.218204178
6.66	4083670.234	-3.229908944
6.67	4120582.109	-3.241622445
6.68	4157771.627	-3.253344668
6.69	4195240.456	-3.265075599
6.7	4232990.272	-3.276815223
6.71	4271022.758	-3.288563525
6.72	4309339.606	-3.300320494
6.73	4347942.514	-3.312086113
6.74	4386833.188	-3.323860369
6.75	4426013.341	-3.335643249
6.76	4465484.696	-3.347434739
6.77	4505248.981	-3.359234824
6.78	4545307.932	-3.371043491
6.79	4585663.295	-3.382860727
6.8	4626316.822	-3.394686517
6.81	4667270.272	-3.406520848
6.82	4708525.413	-3.418363706
6.83	4750084.02	-3.430215078
6.84	4791947.877	-3.442074951
6.85	4834118.776	-3.453943311
6.86	4876598.515	-3.465820144
6.87	4919388.901	-3.477705437
6.88	4962491.748	-3.489599177
6.89	5005908.881	-3.50150135
6.9	5049642.129	-3.513411944
6.91	5093693.332	-3.525330945
6.92	5138064.335	-3.53725834
6.93	5182756.995	-3.549194115
6.94	5227773.173	-3.561138258
6.95	5273114.741	-3.573090756
6.96	5318783.578	-3.585051596
6.97	5364781.571	-3.597020764
6.98	5411110.614	-3.608998248
6.99	5457772.613	-3.620984035
7	5504769.478	-3.632978112
7.01	5552103.13	-3.644980466
7.02	5599775.496	-3.656991084
7.03	5647788.513	-3.669009954
7.04	5696144.126	-3.681037064
7.05	5744844.287	-3.6930724
7.06	5793890.959	-3.705115949
7.07	5843286.11	-3.7171677
7.08	5893031.72	-3.729227639
7.09	5943129.773	-3.741295755
7.1	5993582.267	-3.753372034
7.11	6044391.203	-3.765456465
7.12	6095558.594	-3.777549034
7.13	6147086.46	-3.789649731
7.14	6198976.831	-3.801758541
7.15	6251231.743	-3.813875453
7.16	6303853.243	-3.826000456
7.17	6356843.385	-3.838133535
7.18	6410204.233	-3.85027468
7.19	6463937.859	-3.862423879
7.2	6518046.343	-3.874581118
7.21	6572531.775	-3.886746387
7.22	6627396.252	-3.898919673
7.23	6682641.882	-3.911100963
7.24	6738270.78	-3.923290247
7.25	6794285.07	-3.935487513
7.26	6850686.886	-3.947692747
7.27	6907478.369	-3.95990594
7.28	6964661.671	-3.972127077
7.29	7022238.952	-3.984356149
7.3	7080212.379	-3.996593143
7.31	7138584.131	-4.008838048
7.32	7197356.394	-4.021090851
7.33	7256531.364	-4.033351542
7.34	7316111.245	-4.045620108
7.35	7376098.252	-4.057896538
7.36	7436494.607	-4.07018082
7.37	7497302.541	-4.082472944
7.38	7558524.295	-4.094772897
7.39	7620162.121	-4.107080668
7.4	7682218.276	-4.119396246
7.41	7744695.03	-4.131719619
7.42	7807594.659	-4.144050776
7.43	7870919.451	-4.156389705
7.44	7934671.703	-4.168736396
7.45	7998853.718	-4.181090837
7.46	8063467.813	-4.193453018
7.47	8128516.311	-4.205822925
7.48	8194001.545	-4.21820055
7.49	8259925.859	-4.23058588
7.5	8326291.605	-4.242978904
7.51	8393101.144	-4.255379612
7.52	8460356.847	-4.267787991
7.53	8528061.096	-4.280204033
7.54	8596216.279	-4.292627725
7.55	8664824.798	-4.305059056
7.56	8733889.061	-4.317498015
7.57	8803411.487	-4.329944593
7.58	8873394.505	-4.342398777
7.59	8943840.552	-4.354860558
7.6	9014752.077	-4.367329923
7.61	9086131.536	-4.379806863
7.62	9157981.398	-4.392291368
7.63	9230304.139	-4.404783425
7.64	9303102.245	-4.417283024
7.65	9376378.213	-4.429790156
7.66	9450134.55	-4.442304809
7.67	9524373.772	-4.454826973
7.68	9599098.404	-4.467356636
7.69	9674310.983	-4.47989379
7.7	9750014.054	-4.492438423
7.71	9826210.173	-4.504990524
7.72	9902901.907	-4.517550084
7.73	9980091.83	-4.530117092
7.74	10057782.53	-4.542691537
7.75	10135976.6	-4.555273409
7.76	10214676.65	-4.567862699
7.77	10293885.29	-4.580459395
7.78	10373605.15	-4.593063488
7.79	10453838.87	-4.605674967
7.8	10534589.09	-4.618293821
7.81	10615858.46	-4.630920042
7.82	10697649.67	-4.643553618
7.83	10779965.38	-4.65619454
7.84	10862808.28	-4.668842798
7.85	10946181.07	-4.681498381
7.86	11030086.45	-4.694161279
7.87	11114527.15	-4.706831483
7.88	11199505.9	-4.719508982
7.89	11285025.42	-4.732193767
7.9	11371088.49	-4.744885827
7.91	11457697.84	-4.757585153
7.92	11544856.26	-4.770291735
7.93	11632566.53	-4.783005563
7.94	11720831.44	-4.795726627
7.95	11809653.78	-4.808454917
7.96	11899036.38	-4.821190424
7.97	11988982.06	-4.833933138
7.98	12079493.64	-4.846683049
7.99	12170573.99	-4.859440148
8	12262225.94	-4.872204424
8.01	12354452.38	-4.884975869
8.02	12447256.17	-4.897754472
8.03	12540640.2	-4.910540224
8.04	12634607.38	-4.923333116
8.05	12729160.61	-4.936133138
8.06	12824302.81	-4.94894028
8.07	12920036.92	-4.961754533
8.08	13016365.87	-4.974575887
8.09	13113292.63	-4.987404333
8.1	13210820.15	-5.000239863
8.11	13308951.41	-5.013082465
8.12	13407689.4	-5.025932131
8.13	13507037.11	-5.038788852
8.14	13606997.55	-5.051652618
8.15	13707573.75	-5.064523421
8.16	13808768.73	-5.077401249
8.17	13910585.54	-5.090286096
8.18	14013027.22	-5.10317795
8.19	14116096.85	-5.116076804
8.2	14219797.49	-5.128982648
8.21	14324132.25	-5.141895472
8.22	14429104.2	-5.154815268
8.23	14534716.47	-5.167742027
8.24	14640972.18	-5.180675739
8.25	14747874.45	-5.193616396
8.26	14855426.43	-5.206563988
8.27	14963631.28	-5.219518506
8.28	15072492.17	-5.232479942
8.29	15182012.26	-5.245448286
8.3	15292194.76	-5.25842353
8.31	15403042.86	-5.271405665
8.32	15514559.77	-5.284394681
8.33	15626748.73	-5.297390571
8.34	15739612.96	-5.310393324
8.35	15853155.71	-5.323402933
8.36	15967380.25	-5.336419388
8.37	16082289.85	-5.34944268
8.38	16197887.78	-5.362472802
8.39	16314177.35	-5.375509744
8.4	16431161.86	-5.388553497
8.41	16548844.63	-5.401604053
8.42	16667228.98	-5.414661404
8.43	16786318.27	-5.42772554
8.44	16906115.85	-5.440796452
8.45	17026625.07	-5.453874133
8.46	17147849.33	-5.466958574
8.47	17269792	-5.480049766
8.48	17392456.5	-5.4931477
8.49	17515846.24	-5.506252368
8.5	17639964.64	-5.519363763
8.51	17764815.14	-5.532481874
8.52	17890401.19	-5.545606694
8.53	18016726.26	-5.558738214
8.54	18143793.83	-5.571876426
8.55	18271607.37	-5.585021321
8.56	18400170.38	-5.598172892
8.57	18529486.39	-5.611331129
8.58	18659558.91	-5.624496025
8.59	18790391.48	-5.637667571
8.6	18921987.65	-5.650845759
8.61	19054350.98	-5.66403058
8.62	19187485.05	-5.677222027
8.63	19321393.44	-5.690420091
8.64	19456079.74	-5.703624763
8.65	19591547.58	-5.716836037
8.66	19727800.58	-5.730053903
8.67	19864842.36	-5.743278353
8.68	20002676.59	-5.75650938
8.69	20141306.92	-5.769746975
8.7	20280737.03	-5.78299113
8.71	20420970.6	-5.796241837
8.72	20562011.33	-5.809499088
8.73	20703862.94	-5.822762875
8.74	20846529.16	-5.83603319
8.75	20990013.71	-5.849310025
8.76	21134320.36	-5.862593372
8.77	21279452.86	-5.875883223
8.78	21425415	-5.88917957
8.79	21572210.55	-5.902482406
8.8	21719843.33	-5.915791721
8.81	21868317.16	-5.92910751
8.82	22017635.85	-5.942429763
8.83	22167803.26	-5.955758472
8.84	22318823.23	-5.969093631
8.85	22470699.64	-5.982435231
8.86	22623436.36	-5.995783264
8.87	22777037.3	-6.009137723
8.88	22931506.35	-6.0224986
8.89	23086847.44	-6.035865887
8.9	23243064.51	-6.049239576
8.91	23400161.49	-6.062619661
8.92	23558142.36	-6.076006132
8.93	23717011.09	-6.089398983
8.94	23876771.65	-6.102798205
8.95	24037428.07	-6.116203792
8.96	24198984.34	-6.129615736
8.97	24361444.49	-6.143034029
8.98	24524812.58	-6.156458663
8.99	24689092.65	-6.169889631
9	24854288.77	-6.183326925
9.01	25020405.02	-6.196770539
9.02	25187445.5	-6.210220464
9.03	25355414.32	-6.223676693
9.04	25524315.61	-6.237139218
9.05	25694153.49	-6.250608032
9.06	25864932.12	-6.264083128
9.07	26036655.66	-6.277564499
9.08	26209328.3	-6.291052136
9.09	26382954.21	-6.304546033
9.1	26557537.62	-6.318046182
9.11	26733082.74	-6.331552575
9.12	26909593.8	-6.345065207
9.13	27087075.04	-6.358584068
9.14	27265530.75	-6.372109153
9.15	27444965.17	-6.385640453
9.16	27625382.62	-6.399177961
9.17	27806787.39	-6.412721671
9.18	27989183.79	-6.426271574
9.19	28172576.17	-6.439827665
9.2	28356968.86	-6.453389935
9.21	28542366.23	-6.466958377
9.22	28728772.66	-6.480532985
9.23	28916192.52	-6.49411375
9.24	29104630.23	-6.507700667
9.25	29294090.2	-6.521293728
9.26	29484576.87	-6.534892925
9.27	29676094.68	-6.548498253
9.28	29868648.08	-6.562109703
9.29	30062241.57	-6.575727268
9.3	30256879.62	-6.589350943
9.31	30452566.74	-6.602980719
9.32	30649307.45	-6.616616589
9.33	30847106.28	-6.630258548
9.34	31045967.79	-6.643906587
9.35	31245896.52	-6.6575607
9.36	31446897.07	-6.67122088
9.37	31648974.02	-6.684887119
9.38	31852131.98	-6.698559412
9.39	32056375.57	-6.712237751
9.4	32261709.43	-6.725922129
9.41	32468138.21	-6.73961254
9.42	32675666.57	-6.753308977
9.43	32884299.2	-6.767011432
9.44	33094040.79	-6.780719899
9.45	33304896.05	-6.794434372
9.46	33516869.71	-6.808154842
9.47	33729966.5	-6.821881305
9.48	33944191.2	-6.835613753
9.49	34159548.56	-6.849352179
9.5	34376043.37	-6.863096576
9.51	34593680.43	-6.876846938
9.52	34812464.57	-6.890603259
9.53	35032400.6	-6.90436553
9.54	35253493.38	-6.918133747
9.55	35475747.78	-6.931907902
9.56	35699168.66	-6.945687988
9.57	35923760.93	-6.959474
9.58	36149529.48	-6.973265929
9.59	36376479.24	-6.987063771
9.6	36604615.16	-7.000867518
9.61	36833942.19	-7.014677163
9.62	37064465.29	-7.028492701
9.63	37296189.45	-7.042314124
9.64	37529119.68	-7.056141426
9.65	37763260.99	-7.069974601
9.66	37998618.41	-7.083813642
9.67	38235196.99	-7.097658542
9.68	38473001.79	-7.111509296
9.69	38712037.9	-7.125365897
9.7	38952310.41	-7.139228338
9.71	39193824.43	-7.153096613
9.72	39436585.08	-7.166970715
9.73	39680597.52	-7.180850639
9.74	39925866.9	-7.194736377
9.75	40172398.38	-7.208627924
9.76	40420197.18	-7.222525273
9.77	40669268.48	-7.236428417
9.78	40919617.52	-7.250337351
9.79	41171249.53	-7.264252069
9.8	41424169.76	-7.278172563
9.81	41678383.49	-7.292098828
9.82	41933896.01	-7.306030857
9.83	42190712.61	-7.319968644
9.84	42448838.62	-7.333912183
9.85	42708279.38	-7.347861468
9.86	42969040.23	-7.361816492
9.87	43231126.54	-7.375777249
9.88	43494543.7	-7.389743734
9.89	43759297.11	-7.403715939
9.9	44025392.18	-7.417693859
9.91	44292834.36	-7.431677488
9.92	44561629.08	-7.445666819
9.93	44831781.83	-7.459661846
9.94	45103298.07	-7.473662564
9.95	45376183.32	-7.487668966
9.96	45650443.08	-7.501681046
9.97	45926082.9	-7.515698798
9.98	46203108.32	-7.529722216
9.99	46481524.9	-7.543751294
10	46761338.24	-7.557786026
