0.01	0.333415596
0.02	0.333662582
0.03	0.334074888
0.04	0.334653543
0.05	0.335400053
0.06	0.336316466
0.07	0.337405456
0.08	0.338670426
0.09	0.340115631
0.1	0.341746316
0.11	0.343568875
0.12	0.345591031
0.13	0.34782203
0.14	0.350272858
0.15	0.352956471
0.16	0.355888051
0.17	0.359085276
0.18	0.362568609
0.19	0.366361608
0.2	0.370491251
0.21	0.374988283
0.22	0.379887581
0.23	0.385228537
0.24	0.391055459
0.25	0.397417992
0.26	0.404371558
0.27	0.411977814
0.28	0.420305127
0.29	0.429429072
0.3	0.439432943
0.31	0.45040829
0.32	0.462455464
0.33	0.475684196
0.34	0.490214176
0.35	0.506175669
0.36	0.523710136
0.37	0.542970881
0.38	0.564123714
0.39	0.587347635
0.4	0.612835532
0.41	0.640794903
0.42	0.671448593
0.43	0.705035552
0.44	0.741811611
0.45	0.782050276
0.46	0.826043542
0.47	0.874102723
0.48	0.926559302
0.49	0.174725199
0.5	0.18715495
0.51	0.199331424
0.52	0.211268928
0.53	0.2229807
0.54	0.234479
0.55	0.245775205
0.56	0.256879885
0.57	0.267802871
0.58	0.278553326
0.59	0.289139793
0.6	0.299570251
0.61	0.30985216
0.62	0.319992506
0.63	0.32999783
0.64	0.339874273
0.65	0.3496276
0.66	0.35926323
0.67	0.368786261
0.68	0.378201496
0.69	0.387513461
0.7	0.396726429
0.71	0.405844432
0.72	0.414871281
0.73	0.423810584
0.74	0.432665753
0.75	0.441440021
0.76	0.450136455
0.77	0.458757962
0.78	0.467307305
0.79	0.475787107
0.8	0.484199861
0.81	0.492547943
0.82	0.500833609
0.83	0.509059014
0.84	0.517226206
0.85	0.525337144
0.86	0.533393692
0.87	0.541397635
0.88	0.549350674
0.89	0.557254437
0.9	0.56511048
0.91	0.572920294
0.92	0.580685304
0.93	0.588406875
0.94	0.596086317
0.95	0.603724884
0.96	0.611323779
0.97	0.618884159
0.98	0.626407131
0.99	0.63389376
1	0.64134507
1.01	0.648762045
1.02	0.65614563
1.03	0.663496736
1.04	0.670816238
1.05	0.67810498
1.06	0.685363774
1.07	0.692593403
1.08	0.69979462
1.09	0.706968155
1.1	0.714114708
1.11	0.721234955
1.12	0.728329552
1.13	0.735399128
1.14	0.742444294
1.15	0.749465637
1.16	0.756463728
1.17	0.763439116
1.18	0.770392333
1.19	0.777323895
1.2	0.784234298
1.21	0.791124026
1.22	0.797993545
1.23	0.804843308
1.24	0.811673751
1.25	0.8184853
1.26	0.825278366
1.27	0.832053348
1.28	0.838810632
1.29	0.845550594
1.3	0.852273597
1.31	0.858979996
1.32	0.865670132
1.33	0.87234434
1.34	0.879002941
1.35	0.885646252
1.36	0.892274576
1.37	0.89888821
1.38	0.905487444
1.39	0.912072557
1.4	0.918643821
1.41	0.925201504
1.42	0.931745861
1.43	0.938277145
1.44	0.944795601
1.45	0.951301465
1.46	0.95779497
1.47	0.964276341
1.48	0.970745799
1.49	0.977203557
1.5	0.983649824
1.51	0.990084804
1.52	0.996508695
1.53	1.00292169
1.54	1.009323978
1.55	1.015715743
1.56	1.022097163
1.57	1.028468415
1.58	1.034829668
1.59	1.041181091
1.6	1.047522844
1.61	1.053855088
1.62	1.060177977
1.63	1.066491663
1.64	1.072796293
1.65	1.079092013
1.66	1.085378964
1.67	1.091657284
1.68	1.097927107
1.69	1.104188566
1.7	1.110441789
1.71	1.116686903
1.72	1.122924032
1.73	1.129153294
1.74	1.135374809
1.75	1.141588693
1.76	1.147795057
1.77	1.153994012
1.78	1.160185668
1.79	1.166370128
1.8	1.172547499
1.81	1.17871788
1.82	1.184881371
1.83	1.191038069
1.84	1.197188071
1.85	1.203331469
1.86	1.209468355
1.87	1.215598818
1.88	1.221722947
1.89	1.227840828
1.9	1.233952544
1.91	1.24005818
1.92	1.246157815
1.93	1.25225153
1.94	1.258339403
1.95	1.264421509
1.96	1.270497925
1.97	1.276568724
1.98	1.282633978
1.99	1.288693758
2	1.294748133
2.01	1.300797172
2.02	1.306840943
2.03	1.312879509
2.04	1.318912937
2.05	1.32494129
2.06	1.330964629
2.07	1.336983016
2.08	1.342996511
2.09	1.349005173
2.1	1.35500906
2.11	1.361008229
2.12	1.367002735
2.13	1.372992634
2.14	1.378977979
2.15	1.384958824
2.16	1.39093522
2.17	1.396907219
2.18	1.402874872
2.19	1.408838227
2.2	1.414797334
2.21	1.420752239
2.22	1.426702991
2.23	1.432649636
2.24	1.438592218
2.25	1.444530783
2.26	1.450465376
2.27	1.456396038
2.28	1.462322813
2.29	1.468245743
2.3	1.474164868
2.31	1.48008023
2.32	1.485991869
2.33	1.491899823
2.34	1.497804131
2.35	1.503704833
2.36	1.509601964
2.37	1.515495562
2.38	1.521385663
2.39	1.527272304
2.4	1.533155519
2.41	1.539035342
2.42	1.544911809
2.43	1.550784953
2.44	1.556654807
2.45	1.562521403
2.46	1.568384774
2.47	1.574244952
2.48	1.580101967
2.49	1.585955851
2.5	1.591806634
2.51	1.597654345
2.52	1.603499015
2.53	1.609340671
2.54	1.615179344
2.55	1.62101506
2.56	1.626847848
2.57	1.632677735
2.58	1.638504749
2.59	1.644328915
2.6	1.65015026
2.61	1.65596881
2.62	1.661784591
2.63	1.667597627
2.64	1.673407944
2.65	1.679215565
2.66	1.685020516
2.67	1.69082282
2.68	1.6966225
2.69	1.70241958
2.7	1.708214083
2.71	1.71400603
2.72	1.719795446
2.73	1.72558235
2.74	1.731366766
2.75	1.737148714
2.76	1.742928215
2.77	1.748705292
2.78	1.754479963
2.79	1.76025225
2.8	1.766022172
2.81	1.771789749
2.82	1.777555001
2.83	1.783317948
2.84	1.789078607
2.85	1.794836998
2.86	1.80059314
2.87	1.806347051
2.88	1.812098748
2.89	1.817848251
2.9	1.823595576
2.91	1.829340741
2.92	1.835083763
2.93	1.84082466
2.94	1.846563448
2.95	1.852300143
2.96	1.858034762
2.97	1.863767322
2.98	1.869497838
2.99	1.875226326
3	1.880952803
3.01	1.886677282
3.02	1.89239978
3.03	1.898120311
3.04	1.903838891
3.05	1.909555535
3.06	1.915270256
3.07	1.92098307
3.08	1.92669399
3.09	1.93240303
3.1	1.938110205
3.11	1.943815529
3.12	1.949519014
3.13	1.955220675
3.14	1.960920524
3.15	1.966618575
3.16	1.97231484
3.17	1.978009334
3.18	1.983702067
3.19	1.989393053
3.2	1.995082305
3.21	2.000769834
3.22	2.006455653
3.23	2.012139773
3.24	2.017822207
3.25	2.023502967
3.26	2.029182064
3.27	2.034859509
3.28	2.040535314
3.29	2.04620949
3.3	2.051882048
3.31	2.057553
3.32	2.063222356
3.33	2.068890127
3.34	2.074556324
3.35	2.080220957
3.36	2.085884037
3.37	2.091545574
3.38	2.097205579
3.39	2.10286406
3.4	2.10852103
3.41	2.114176496
3.42	2.11983047
3.43	2.125482961
3.44	2.131133979
3.45	2.136783532
3.46	2.142431631
3.47	2.148078285
3.48	2.153723504
3.49	2.159367295
3.5	2.165009669
3.51	2.170650634
3.52	2.1762902
3.53	2.181928374
3.54	2.187565166
3.55	2.193200584
3.56	2.198834638
3.57	2.204467334
3.58	2.210098683
3.59	2.215728691
3.6	2.221357367
3.61	2.22698472
3.62	2.232610757
3.63	2.238235486
3.64	2.243858916
3.65	2.249481054
3.66	2.255101907
3.67	2.260721485
3.68	2.266339793
3.69	2.27195684
3.7	2.277572633
3.71	2.283187179
3.72	2.288800486
3.73	2.294412562
3.74	2.300023413
3.75	2.305633046
3.76	2.311241468
3.77	2.316848687
3.78	2.32245471
3.79	2.328059542
3.8	2.333663192
3.81	2.339265666
3.82	2.34486697
3.83	2.350467111
3.84	2.356066096
3.85	2.361663931
3.86	2.367260623
3.87	2.372856177
3.88	2.378450601
3.89	2.384043901
3.9	2.389636083
3.91	2.395227153
3.92	2.400817116
3.93	2.40640598
3.94	2.411993751
3.95	2.417580433
3.96	2.423166034
3.97	2.428750558
3.98	2.434334012
3.99	2.439916402
4	2.445497733
4.01	2.451078011
4.02	2.456657241
4.03	2.462235429
4.04	2.467812581
4.05	2.473388702
4.06	2.478963797
4.07	2.484537872
4.08	2.490110933
4.09	2.495682983
4.1	2.50125403
4.11	2.506824077
4.12	2.51239313
4.13	2.517961194
4.14	2.523528275
4.15	2.529094377
4.16	2.534659505
4.17	2.540223664
4.18	2.54578686
4.19	2.551349096
4.2	2.556910379
4.21	2.562470711
4.22	2.5680301
4.23	2.573588548
4.24	2.579146061
4.25	2.584702643
4.26	2.5902583
4.27	2.595813035
4.28	2.601366853
4.29	2.606919758
4.3	2.612471756
4.31	2.61802285
4.32	2.623573045
4.33	2.629122345
4.34	2.634670755
4.35	2.640218279
4.36	2.64576492
4.37	2.651310684
4.38	2.656855575
4.39	2.662399596
4.4	2.667942752
4.41	2.673485047
4.42	2.679026485
4.43	2.68456707
4.44	2.690106806
4.45	2.695645696
4.46	2.701183746
4.47	2.706720959
4.48	2.712257338
4.49	2.717792888
4.5	2.723327612
4.51	2.728861515
4.52	2.734394599
4.53	2.739926869
4.54	2.745458329
4.55	2.750988981
4.56	2.756518831
4.57	2.76204788
4.58	2.767576134
4.59	2.773103596
4.6	2.778630268
4.61	2.784156156
4.62	2.789681261
4.63	2.795205588
4.64	2.800729141
4.65	2.806251921
4.66	2.811773934
4.67	2.817295182
4.68	2.822815669
4.69	2.828335398
4.7	2.833854372
4.71	2.839372595
4.72	2.84489007
4.73	2.8504068
4.74	2.855922788
4.75	2.861438037
4.76	2.866952552
4.77	2.872466334
4.78	2.877979388
4.79	2.883491715
4.8	2.88900332
4.81	2.894514205
4.82	2.900024373
4.83	2.905533827
4.84	2.911042571
4.85	2.916550607
4.86	2.922057939
4.87	2.927564568
4.88	2.933070499
4.89	2.938575734
4.9	2.944080276
4.91	2.949584127
4.92	2.955087291
4.93	2.960589771
4.94	2.966091569
4.95	2.971592688
4.96	2.97709313
4.97	2.9825929
4.98	2.988091998
4.99	2.993590429
5	2.999088194
5.01	3.004585297
5.02	3.010081739
5.03	3.015577525
5.04	3.021072656
5.05	3.026567134
5.06	3.032060964
5.07	3.037554146
5.08	3.043046684
5.09	3.04853858
5.1	3.054029837
5.11	3.059520457
5.12	3.065010443
5.13	3.070499797
5.14	3.075988522
5.15	3.08147662
5.16	3.086964093
5.17	3.092450945
5.18	3.097937177
5.19	3.103422791
5.2	3.108907791
5.21	3.114392178
5.22	3.119875955
5.23	3.125359125
5.24	3.130841688
5.25	3.136323649
5.26	3.141805009
5.27	3.147285769
5.28	3.152765934
5.29	3.158245504
5.3	3.163724483
5.31	3.169202871
5.32	3.174680672
5.33	3.180157888
5.34	3.185634521
5.35	3.191110572
5.36	3.196586045
5.37	3.202060941
5.38	3.207535263
5.39	3.213009011
5.4	3.21848219
5.41	3.2239548
5.42	3.229426844
5.43	3.234898324
5.44	3.240369242
5.45	3.2458396
5.46	3.251309399
5.47	3.256778643
5.48	3.262247332
5.49	3.26771547
5.5	3.273183057
5.51	3.278650096
5.52	3.284116589
5.53	3.289582538
5.54	3.295047944
5.55	3.30051281
5.56	3.305977138
5.57	3.311440929
5.58	3.316904186
5.59	3.322366909
5.6	3.327829102
5.61	3.333290765
5.62	3.338751901
5.63	3.344212512
5.64	3.3496726
5.65	3.355132165
5.66	3.360591211
5.67	3.366049738
5.68	3.371507749
5.69	3.376965245
5.7	3.382422228
5.71	3.387878701
5.72	3.393334663
5.73	3.398790119
5.74	3.404245068
5.75	3.409699513
5.76	3.415153456
5.77	3.420606897
5.78	3.42605984
5.79	3.431512285
5.8	3.436964234
5.81	3.44241569
5.82	3.447866652
5.83	3.453317124
5.84	3.458767107
5.85	3.464216602
5.86	3.469665611
5.87	3.475114136
5.88	3.480562178
5.89	3.486009738
5.9	3.491456819
5.91	3.496903422
5.92	3.502349549
5.93	3.5077952
5.94	3.513240379
5.95	3.518685085
5.96	3.524129321
5.97	3.529573088
5.98	3.535016388
5.99	3.540459222
6	3.545901591
6.01	3.551343498
6.02	3.556784944
6.03	3.562225929
6.04	3.567666457
6.05	3.573106527
6.06	3.578546142
6.07	3.583985302
6.08	3.589424011
6.09	3.594862267
6.1	3.600300074
6.11	3.605737433
6.12	3.611174345
6.13	3.616610811
6.14	3.622046833
6.15	3.627482412
6.16	3.63291755
6.17	3.638352248
6.18	3.643786507
6.19	3.649220328
6.2	3.654653714
6.21	3.660086665
6.22	3.665519183
6.23	3.670951268
6.24	3.676382923
6.25	3.681814149
6.26	3.687244947
6.27	3.692675318
6.28	3.698105263
6.29	3.703534784
6.3	3.708963882
6.31	3.714392559
6.32	3.719820816
6.33	3.725248653
6.34	3.730676072
6.35	3.736103075
6.36	3.741529663
6.37	3.746955836
6.38	3.752381597
6.39	3.757806946
6.4	3.763231884
6.41	3.768656413
6.42	3.774080535
6.43	3.779504249
6.44	3.784927558
6.45	3.790350462
6.46	3.795772964
6.47	3.801195063
6.48	3.806616761
6.49	3.81203806
6.5	3.81745896
6.51	3.822879462
6.52	3.828299569
6.53	3.83371928
6.54	3.839138597
6.55	3.844557522
6.56	3.849976054
6.57	3.855394197
6.58	3.860811949
6.59	3.866229314
6.6	3.871646291
6.61	3.877062882
6.62	3.882479088
6.63	3.88789491
6.64	3.893310349
6.65	3.898725406
6.66	3.904140083
6.67	3.90955438
6.68	3.914968298
6.69	3.920381839
6.7	3.925795003
6.71	3.931207792
6.72	3.936620207
6.73	3.942032248
6.74	3.947443918
6.75	3.952855215
6.76	3.958266143
6.77	3.963676701
6.78	3.969086892
6.79	3.974496715
6.8	3.979906172
6.81	3.985315263
6.82	3.990723991
6.83	3.996132356
6.84	4.001540358
6.85	4.006947999
6.86	4.01235528
6.87	4.017762202
6.88	4.023168765
6.89	4.028574971
6.9	4.033980821
6.91	4.039386315
6.92	4.044791456
6.93	4.050196242
6.94	4.055600676
6.95	4.061004759
6.96	4.066408491
6.97	4.071811873
6.98	4.077214907
6.99	4.082617592
7	4.088019931
7.01	4.093421924
7.02	4.098823571
7.03	4.104224875
7.04	4.109625835
7.05	4.115026453
7.06	4.12042673
7.07	4.125826665
7.08	4.131226262
7.09	4.136625519
7.1	4.142024439
7.11	4.147423021
7.12	4.152821267
7.13	4.158219178
7.14	4.163616755
7.15	4.169013998
7.16	4.174410908
7.17	4.179807487
7.18	4.185203734
7.19	4.190599652
7.2	4.19599524
7.21	4.2013905
7.22	4.206785432
7.23	4.212180037
7.24	4.217574316
7.25	4.222968271
7.26	4.2283619
7.27	4.233755207
7.28	4.239148191
7.29	4.244540853
7.3	4.249933194
7.31	4.255325214
7.32	4.260716916
7.33	4.266108298
7.34	4.271499363
7.35	4.276890111
7.36	4.282280543
7.37	4.287670659
7.38	4.29306046
7.39	4.298449948
7.4	4.303839122
7.41	4.309227984
7.42	4.314616535
7.43	4.320004775
7.44	4.325392704
7.45	4.330780325
7.46	4.336167637
7.47	4.341554641
7.48	4.346941338
7.49	4.352327729
7.5	4.357713814
7.51	4.363099595
7.52	4.368485072
7.53	4.373870245
7.54	4.379255116
7.55	4.384639685
7.56	4.390023953
7.57	4.39540792
7.58	4.400791588
7.59	4.406174957
7.6	4.411558027
7.61	4.4169408
7.62	4.422323277
7.63	4.427705457
7.64	4.433087342
7.65	4.438468932
7.66	4.443850229
7.67	4.449231231
7.68	4.454611942
7.69	4.45999236
7.7	4.465372488
7.71	4.470752324
7.72	4.476131871
7.73	4.481511129
7.74	4.486890098
7.75	4.49226878
7.76	4.497647174
7.77	4.503025282
7.78	4.508403104
7.79	4.513780641
7.8	4.519157894
7.81	4.524534862
7.82	4.529911548
7.83	4.535287951
7.84	4.540664072
7.85	4.546039912
7.86	4.551415472
7.87	4.556790751
7.88	4.562165752
7.89	4.567540473
7.9	4.572914917
7.91	4.578289083
7.92	4.583662973
7.93	4.589036587
7.94	4.594409925
7.95	4.599782988
7.96	4.605155777
7.97	4.610528292
7.98	4.615900535
7.99	4.621272505
8	4.626644203
8.01	4.632015631
8.02	4.637386787
8.03	4.642757674
8.04	4.648128292
8.05	4.65349864
8.06	4.658868721
8.07	4.664238534
8.08	4.66960808
8.09	4.67497736
8.1	4.680346374
8.11	4.685715123
8.12	4.691083608
8.13	4.696451828
8.14	4.701819785
8.15	4.70718748
8.16	4.712554912
8.17	4.717922082
8.18	4.723288991
8.19	4.72865564
8.2	4.734022029
8.21	4.739388158
8.22	4.744754029
8.23	4.750119641
8.24	4.755484996
8.25	4.760850093
8.26	4.766214934
8.27	4.771579519
8.28	4.776943849
8.29	4.782307923
8.3	4.787671744
8.31	4.79303531
8.32	4.798398623
8.33	4.803761683
8.34	4.809124492
8.35	4.814487048
8.36	4.819849354
8.37	4.825211408
8.38	4.830573213
8.39	4.835934768
8.4	4.841296075
8.41	4.846657133
8.42	4.852017943
8.43	4.857378505
8.44	4.862738821
8.45	4.86809889
8.46	4.873458713
8.47	4.878818291
8.48	4.884177625
8.49	4.889536714
8.5	4.894895559
8.51	4.900254161
8.52	4.90561252
8.53	4.910970637
8.54	4.916328512
8.55	4.921686146
8.56	4.927043539
8.57	4.932400692
8.58	4.937757605
8.59	4.943114279
8.6	4.948470714
8.61	4.953826911
8.62	4.95918287
8.63	4.964538591
8.64	4.969894076
8.65	4.975249325
8.66	4.980604338
8.67	4.985959115
8.68	4.991313658
8.69	4.996667966
8.7	5.00202204
8.71	5.00737588
8.72	5.012729488
8.73	5.018082863
8.74	5.023436007
8.75	5.028788918
8.76	5.034141599
8.77	5.039494049
8.78	5.044846268
8.79	5.050198258
8.8	5.055550019
8.81	5.060901551
8.82	5.066252855
8.83	5.071603931
8.84	5.076954779
8.85	5.082305401
8.86	5.087655796
8.87	5.093005964
8.88	5.098355908
8.89	5.103705626
8.9	5.109055119
8.91	5.114404388
8.92	5.119753434
8.93	5.125102256
8.94	5.130450854
8.95	5.135799231
8.96	5.141147385
8.97	5.146495318
8.98	5.15184303
8.99	5.15719052
9	5.162537791
9.01	5.167884842
9.02	5.173231673
9.03	5.178578285
9.04	5.183924678
9.05	5.189270853
9.06	5.194616811
9.07	5.199962551
9.08	5.205308074
9.09	5.210653381
9.1	5.215998471
9.11	5.221343346
9.12	5.226688006
9.13	5.23203245
9.14	5.237376681
9.15	5.242720697
9.16	5.2480645
9.17	5.253408089
9.18	5.258751466
9.19	5.26409463
9.2	5.269437582
9.21	5.274780323
9.22	5.280122852
9.23	5.285465171
9.24	5.290807279
9.25	5.296149178
9.26	5.301490867
9.27	5.306832346
9.28	5.312173617
9.29	5.317514679
9.3	5.322855533
9.31	5.32819618
9.32	5.333536619
9.33	5.338876852
9.34	5.344216878
9.35	5.349556698
9.36	5.354896313
9.37	5.360235722
9.38	5.365574926
9.39	5.370913925
9.4	5.376252721
9.41	5.381591312
9.42	5.386929701
9.43	5.392267886
9.44	5.397605868
9.45	5.402943648
9.46	5.408281227
9.47	5.413618603
9.48	5.418955779
9.49	5.424292754
9.5	5.429629528
9.51	5.434966102
9.52	5.440302477
9.53	5.445638652
9.54	5.450974628
9.55	5.456310406
9.56	5.461645985
9.57	5.466981367
9.58	5.472316551
9.59	5.477651538
9.6	5.482986328
9.61	5.488320921
9.62	5.493655319
9.63	5.49898952
9.64	5.504323527
9.65	5.509657338
9.66	5.514990954
9.67	5.520324377
9.68	5.525657605
9.69	5.530990639
9.7	5.53632348
9.71	5.541656129
9.72	5.546988584
9.73	5.552320848
9.74	5.557652919
9.75	5.562984799
9.76	5.568316488
9.77	5.573647985
9.78	5.578979292
9.79	5.584310409
9.8	5.589641336
9.81	5.594972074
9.82	5.600302622
9.83	5.605632981
9.84	5.610963152
9.85	5.616293134
9.86	5.621622929
9.87	5.626952536
9.88	5.632281956
9.89	5.637611189
9.9	5.642940235
9.91	5.648269095
9.92	5.653597769
9.93	5.658926257
9.94	5.664254561
9.95	5.669582679
9.96	5.674910612
9.97	5.680238362
9.98	5.685565927
9.99	5.690893308
10	5.696220506
