0.01,0.337404185939735,0.333415596297487,-15.2489745978745
0.02,0.337650189959157,0.333662581565939,-7.51132430979023
0.03,0.338060847910269,0.334074887613493,-4.93306665457044
0.04,0.338637172292594,0.33465354305429,-3.64232154535192
0.05,0.339380662535804,0.335400053376002,-2.86593616536527
0.06,0.340293423765012,0.336316466367707,-2.34648695111127
0.07,0.341378384535953,0.337405456241447,-1.97375037588114
0.08,0.342639574272821,0.338670426447457,-1.69265668946344
0.09,0.344082245277882,0.34011563118308,-1.47263141706624
0.1,0.345712602784862,0.341746315595358,-1.29534008554301
0.11,0.34753711865068,0.343568874677298,-1.14912090501229
0.12,0.349561627016047,0.345591030857824,-1.02620257016215
0.13,0.35179046568418,0.3478220302854,-0.921206864632952
0.14,0.354225855623401,0.350272857805342,-0.830293376540522
0.15,0.356867595022879,0.352956470630795,-0.750646530978768
0.16,0.359713049343791,0.355888050707404,-0.680155101894982
0.17,0.362757366431868,0.35908527577165,-0.617204906800886
0.18,0.365993830833536,0.362568609102872,-0.560540645853878
0.19,0.36941427998045,0.366361607968969,-0.509171397575232
0.2,0.373009523836371,0.370491250765779,-0.462304483195108
0.21,0.376769730144014,0.37498828285013,-0.419298238313929
0.22,0.380684754974016,0.379887581066583,-0.379627672662342
0.23,0.38474441124957,0.385228536967843,-0.342859093377212
0.24,0.388938676395018,0.391055458728852,-0.308631076031043
0.25,0.393257845077842,0.397417991754565,-0.276640005098308
0.26,0.397692635212757,0.404371557981396,-0.246628952979562
0.27,0.402234255891904,0.411977813872351,-0.218379031584154
0.28,0.406874445409458,0.420305127105834,-0.191702598018894
0.29,0.411605486559457,0.429429071958138,-0.166437866618582
0.3,0.416420205222376,0.439432943379607,-0.142444599014106
0.31,0.421311957103739,0.450408289764483,-0.119600628696846
0.32,0.42627460644728,0.46245546441443,-0.0977990374512056
0.33,0.43130249965363,0.475684195695734,-0.076945845320517
0.34,0.436390436000998,0.490214175890187,-0.0569581083352112
0.35,0.441533637077275,0.506175668739642,-0.0377623424188017
0.36,0.446727716072727,0.523710135684258,-0.0192932100247161
0.37,0.451968647729386,0.542970880794414,-0.00149241978085301
0.38,0.457252739476804,0.564123714396303,0.0156922001091014
0.39,0.462576604085272,0.587347635391213,0.0323074859040088
0.4,0.467937134023724,0.612835532268472,0.0483956047581176
0.41,0.473331477604659,0.640794902812089,0.0639946236322974
0.42,0.478757016926716,0.671448592501061,0.0791389969407828
0.43,0.484211347575041,0.705035551603361,0.0938599861649917
0.44,0.489692260007519,0.741811610963612,0.108186022259524
0.45,0.495197722534745,0.78205027648443,0.122143019750445
0.46,0.500725865790619,0.826043542301452,0.135754649877683
0.47,0.506274968585781,0.87410272265204,0.149042578881731
0.48,0.511843445035903,0.926559302437667,0.162026676517874
0.49,0.517429832859502,0.983765806479977,0.174725199051111
0.5,0.523032782744518,1.04609668747053,0.187154950304296
0.51,0.528651048688939,1.11394923261421,0.199331423771548
0.52,0.534283479226943,1.18774448896635,0.211268928345522
0.53,0.53992900945871,1.26792820746348,0.222980699822392
0.54,0.545586653808757,1.35497180564779,0.2344790000278
0.55,0.551255499443982,1.4493733490853,0.245775205138909
0.56,0.556934700288899,1.55165855147761,0.256879884552665
0.57,0.562623471580903,1.66238179346745,0.267802871460861
0.58,0.568321084914316,1.78212716013782,0.278553326132568
0.59,0.574026863726215,1.91150949720485,0.289139792768772
0.6,0.579740179182228,2.05117548590433,0.2995702506788
0.61,0.585460446423963,2.20180473657192,0.309852160429807
0.62,0.591187121144047,2.36411090091703,0.319992505536552
0.63,0.596919696457482,2.53884280299038,0.329997830186719
0.64,0.602657700041921,2.72678558884527,0.339874273435086
0.65,0.608400691521361,2.92876189489246,0.349627600246581
0.66,0.614148260070778,3.1456330349488,0.359263229722171
0.67,0.61990002222129,3.37830020597954,0.368786260801693
0.68,0.625655619847393,3.62770571253421,0.378201495703124
0.69,0.631414718319962,3.89483420987632,0.387513461327738
0.7,0.637177004809456,4.18071396580668,0.396726428834348
0.71,0.642942186726446,4.48641814118033,0.405844431562987
0.72,0.648709990287206,4.81306608911732,0.414871281468319
0.73,0.654480159192415,5.16182467290693,0.423810584205527
0.74,0.660252453410489,5.53390960260584,0.432665752996001
0.75,0.66602664805523,5.93058679032974,0.441440021386574
0.76,0.671802532350366,6.35317372423874,0.450136455004083
0.77,0.677579908673263,6.80304086121649,0.458757962396474
0.78,0.683358591671051,7.28161303824285,0.467307305042308
0.79,0.689138407443209,7.79037090246038,0.475787106602258
0.8,0.694919192785278,8.33085235993441,0.48419986147881
0.81,0.700700794488004,8.90465404310681,0.492547942743873
0.82,0.706483068688001,9.5134327969435,0.500833609488168
0.83,0.712265880265519,10.1589071837755,0.509059013641066
0.84,0.718049102285388,10.842859006834,0.517226206304949
0.85,0.723832615477934,11.5671348524784,0.525337143643992
0.86,0.729616307756509,12.3336476511189,0.533393692363559
0.87,0.735400073768817,13.1443782568323,0.541397634813109
0.88,0.741183814479501,14.0013770456713,0.549350673742482
0.89,0.746967436781356,14.9067655326678,0.557254436738782
0.9,0.752750853133134,15.8627380075301,0.565110480368641
0.91,0.758533981222049,16.871563189033,0.57292029404849
0.92,0.764316889288705,17.9355858981025,0.580685303663468
0.93,0.770099212838915,19.0572287495931,0.588406874953855
0.94,0.775881029515837,20.2389938627602,0.596086316686309
0.95,0.781662274973198,21.4834645904249,0.603724883625706
0.96,0.787442888713331,22.7933072668329,0.611323779322099
0.97,0.793222813863116,24.1712729742075,0.618884158726104
0.98,0.799001996963821,25.6201993279955,0.626407130644924
0.99,0.804780387774758,27.1430122808077,0.633893760050271
1,0.810557939088833,28.7427279450521,0.641345070248496
1.01,0.816334606560229,30.4224544342614,0.648762044922475
1.02,0.822110348542265,32.1853937231144,0.656145630054011
1.03,0.827885125935694,34.03484352615,0.663496735734856
1.04,0.833658902045895,35.9741991951765,0.670816237873826
1.05,0.83943164244928,38.0069556353726,0.678104979806903
1.06,0.845203314867137,40.1367092400843,0.685363773816733
1.07,0.850973889047641,42.3671598443134,0.692593402567409
1.08,0.85674333665451,44.7021126969011,0.699794620460013
1.09,0.862511631162422,47.1454804514046,0.706968154914004
1.1,0.868278747758616,49.7012851756677,0.71411470757913
1.11,0.874044663249987,52.3736603800848,0.721234955482258
1.12,0.879809355975886,55.166853064559,0.728329552113147
1.13,0.885572805725877,58.085225784153,0.735399128452955
1.14,0.891334993662023,61.1332587334351,0.74244429394897
1.15,0.897095902245775,64.3155518495175,0.749465637438828
1.16,0.902855515168999,67.6368269337888,0.756463728027257
1.17,0.908613817288728,71.1019297923407,0.763439115918182
1.18,0.914370794565791,74.7158323950875,0.770392333204802
1.19,0.92012643400667,78.4836350535796,0.777323894620143
1.2,0.925880723608586,82.4105686175112,0.784234298250343
1.21,0.931633652307765,86.5019966899208,0.791124026212839
1.22,0.937385209930301,90.7634178610859,0.797993545301456
1.23,0.943135387145921,95.2004679611117,0.804843307600267
1.24,0.94888417542401,99.8189223312125,0.811673751067985
1.25,0.954631566992144,104.624698113687,0.818485300094533
1.26,0.960377554796919,109.62385656059,0.82527836603132
1.27,0.966122132466588,114.822605361092,0.832053347696671
1.28,0.971865294276127,120.227300987537,0.838810631857768
1.29,0.977607035113403,125.844451060196,0.845550593690361
1.3,0.983347350448109,131.680716730705,0.852273597217443
1.31,0.989086236301414,137.742915084209,0.858979995728019
1.32,0.994823689217567,144.038021560189,0.865670132176993
1.33,1.00055970623709,150.57317239199,0.872344339567192
1.34,1.0062942848713,157.355667065036,0.879002941314432
1.35,1.01202742307778,164.392970793746,0.88564625159651
1.36,1.01775911923757,171.692717017141,0.892274575686951
1.37,1.02348937213313,179.262709913138,0.898888210274266
1.38,1.0292181809278,187.110926931549,0.905487443767474
1.39,1.03494554514612,195.245521345768,0.912072556588558
1.4,1.04067146465472,203.674824823147,0.918643821452513
1.41,1.04639593964507,212.407350014076,0.925201503635603
1.42,1.05211897061622,221.451793159747,0.931745861232387
1.43,1.05784055835879,230.81703671862,0.938277145402082
1.44,1.06356070393979,240.512152011575,0.944795600604764
1.45,1.0692794086883,250.546401885762,0.951301464827898
1.46,1.07499667418093,260.929243397145,0.957794969803663
1.47,1.08071250222968,271.670330511738,0.964276341217493
1.48,1.0864268948686,282.779516825535,0.970745798908272
1.49,1.09213985434241,294.266858303135,0.97720355706054
1.5,1.09785138309512,306.142616035058,0.983649824389111
1.51,1.10356148375885,318.417259013756,0.990084804316428
1.52,1.10927015914422,331.101466928322,0.996508695143012
1.53,1.1149774122301,344.206132977883,1.00292169021128
1.54,1.12068324615451,357.742366703698,1.00932397806311
1.55,1.12638766420574,371.721496839937,1.01571574259128
1.56,1.13209066981396,386.155074183167,1.02209716318527
1.57,1.13779226654317,401.054874480524,1.02846841487148
1.58,1.14349245808348,416.432901336579,1.03482966844823
1.59,1.1491912482439,432.301389138897,1.04118109061567
1.6,1.15488864094539,448.672806002294,1.04752284410099
1.61,1.16058464021425,465.559856731786,1.0538550877789
1.62,1.16627925017573,482.975485804228,1.06017797678779
1.63,1.17197247504826,500.932880368649,1.06649166264164
1.64,1.17766431913734,519.445473265287,1.07279629333789
1.65,1.18335478683041,538.526946063303,1.07909201346143
1.66,1.18904388259149,558.191232117204,1.08537896428491
1.67,1.1947316109563,578.45251964195,1.09165728386549
1.68,1.20041797652743,599.325254806763,1.09792710713814
1.69,1.20610298396994,620.824144847615,1.10418856600572
1.7,1.2117866380069,642.964161198429,1.11044178942593
1.71,1.21746894341559,665.760542640956,1.11668690349521
1.72,1.2231499050232,689.228798473359,1.12292403152979
1.73,1.22882952770333,713.384711697484,1.12915329414394
1.74,1.2345078163725,738.244342224825,1.13537480932562
1.75,1.24018477598665,763.824030101182,1.14158869250949
1.76,1.24586041153782,790.140398750018,1.14779505664755
1.77,1.2515347280513,817.210358234503,1.15399401227735
1.78,1.25720773058247,845.051108538257,1.160185667588
1.79,1.26287942421411,873.680142864783,1.16637012848397
1.8,1.26854981405382,903.115250955591,1.17254749864678
1.81,1.27421890523125,933.374522427029,1.17871787959469
1.82,1.27988670289582,964.476350125789,1.18488137074051
1.83,1.28555321221443,996.439433503124,1.19103806944742
1.84,1.29121843836913,1029.28278200774,1.19718807108314
1.85,1.29688238655517,1063.02571849741,1.20333146907226
1.86,1.30254506197888,1097.68788266924,1.20946835494698
1.87,1.30820646985579,1133.28923450868,1.21559881839621
1.88,1.31386661540899,1169.85005775717,1.22172294731313
1.89,1.31952550386695,1207.39096339854,1.22784082784133
1.9,1.32518314046248,1245.93289316407,1.2339525444194
1.91,1.33083953043058,1285.49712305622,1.24005817982426
1.92,1.33649467900743,1326.10526689112,1.24615781521308
1.93,1.34214859142846,1367.7792798597,1.25225153016395
1.94,1.34780127292763,1410.54146210752,1.25833940271535
1.95,1.3534527287355,1454.41446233332,1.26442150940434
1.96,1.35910296407849,1499.42128140624,1.27049792530366
1.97,1.36475198417738,1545.58527600172,1.27656872405776
1.98,1.37039979424657,1592.93016225616,1.28263397791764
1.99,1.37604639949252,1641.48001944019,1.28869375777481
2,1.38169180511317,1691.25929365068,1.29474813319408
2.01,1.3873360162969,1742.29280152145,1.30079717244555
2.02,1.39297903822153,1794.60573395262,1.30684094253557
2.03,1.39862087605344,1848.22365985876,1.31287950923683
2.04,1.40426153494707,1903.17252993559,1.31891293711758
2.05,1.40990102004361,1959.47868044551,1.32494128957001
2.06,1.41553933647081,2017.16883702173,1.33096462883783
2.07,1.42117648934194,2076.27011849114,1.33698301604306
2.08,1.4268124837553,2136.81004071584,1.34299651121206
2.09,1.43244732479355,2198.81652045344,1.34900517330082
2.1,1.43808101752303,2262.31787923592,1.35500906021954
2.11,1.44371356699336,2327.34284726734,1.36100822885658
2.12,1.44934497823705,2393.9205673401,1.36700273510165
2.13,1.45497525626848,2462.08059877,1.37299263386845
2.14,1.46060440608399,2531.85292134994,1.37897797911663
2.15,1.46623243266133,2603.26793932234,1.38495882387316
2.16,1.4718593409588,2676.3564853702,1.39093522025318
2.17,1.4774851359155,2751.14982462695,1.39690721948016
2.18,1.48310982245047,2827.67965870489,1.40287487190566
2.19,1.48873340546287,2905.97812974241,1.40883822702846
2.2,1.49435588983095,2986.07782446983,1.4147973335132
2.21,1.4999772804125,3068.011778294,1.42075223920858
2.22,1.50559758204399,3151.81347940154,1.42670299116499
2.23,1.51121679954071,3237.51687288081,1.43264963565174
2.24,1.51683493769611,3325.15636486254,1.43859221817383
2.25,1.52245200128221,3414.76682667919,1.44453078348826
2.26,1.52806799504867,3506.38359904301,1.45046537561994
2.27,1.53368292372311,3600.04249624272,1.45639603787717
2.28,1.53929679201073,3695.77981035897,1.46232281286675
2.29,1.5449096045942,3793.63231549845,1.46824574250865
2.3,1.55052136613358,3893.63727204668,1.47416486805038
2.31,1.55613208126585,3995.83243093957,1.48008023008094
2.32,1.56174175460537,4100.25603795356,1.48599186854443
2.33,1.56735039074315,4206.94683801455,1.49189982275331
2.34,1.57295799424727,4315.94407952547,1.49780413140137
2.35,1.57856456966254,4427.28751871257,1.50370483257635
2.36,1.58417012151036,4541.01742399038,1.50960196377219
2.37,1.58977465428882,4657.1745803454,1.5154955619011
2.38,1.59537817247256,4775.80029373842,1.52138566330521
2.39,1.60098068051276,4896.93639552566,1.52727230376803
2.4,1.60658218283712,5020.62524689838,1.53315551852557
2.41,1.61218268384971,5146.9097433415,1.53903534227721
2.42,1.61778218793111,5275.83331911055,1.5449118091963
2.43,1.62338069943831,5407.43995172765,1.55078495294053
2.44,1.62897822270465,5541.77416649594,1.55665480666205
2.45,1.63457476203992,5678.88104103287,1.56252140301726
2.46,1.64017032173049,5818.80620982202,1.56838477417654
2.47,1.64576490603895,5961.5958687838,1.57424495183357
2.48,1.6513585192044,6107.29677986468,1.58010196721453
2.49,1.65695116544264,6255.95627564521,1.58595585108711
2.5,1.66254284894563,6407.6222639667,1.59180663376919
2.51,1.66813357388218,6562.34323257662,1.59765434513745
2.52,1.67372334439764,6720.16825379261,1.60349901463569
2.53,1.67931216461398,6881.14698918535,1.60934067128301
2.54,1.68490003862971,7045.32969427989,1.61517934368176
2.55,1.69048697052031,7212.76722327595,1.62101506002536
2.56,1.69607296433811,7383.51103378661,1.62684784810589
2.57,1.70165802411212,7557.61319159601,1.63267773532153
2.58,1.70724215384842,7735.12637543546,1.63850474868385
2.59,1.7128253575301,7916.10388177844,1.6443289148249
2.6,1.71840763911732,8100.59962965418,1.65015026000415
2.61,1.72398900254739,8288.66816547999,1.65596881011532
2.62,1.72956945173482,8480.36466791231,1.66178459069298
2.63,1.7351489905715,8675.74495271633,1.66759762691909
2.64,1.74072762292701,8874.86547765448,1.6734079436293
2.65,1.74630535264799,9077.78334739345,1.67921556531919
2.66,1.75188218355892,9284.55631842999,1.68502051615036
2.67,1.75745811946186,9495.24280403542,1.69082281995635
2.68,1.76303316413679,9709.90187921878,1.69662250024845
2.69,1.76860732134151,9928.59328570867,1.70241958022142
2.7,1.77418059481173,10151.3774369538,1.70821408275901
2.71,1.77975298826133,10378.3154231424,1.71400603043945
2.72,1.7853245053824,10609.46901624,1.71979544554077
2.73,1.79089514984525,10844.900675046,1.72558235004597
2.74,1.79646492529862,11084.6735502693,1.73136676564821
2.75,1.80203383536984,11328.8514896219,1.73714871375573
2.76,1.8076018836646,11577.4990429321,1.74292821549678
2.77,1.81316907376747,11830.6814672756,1.74870529172439
2.78,1.81873540924192,12088.4647321256,1.75447996302111
2.79,1.82430089363036,12350.9155245218,1.76025224970351
2.8,1.82986553045405,12618.1012542578,1.76602217182677
2.81,1.83542932321357,12890.0900590871,1.77178974918903
2.82,1.84099227538876,13166.9508099485,1.7775550013357
2.83,1.84655439043893,13448.7531162089,1.78331794756373
2.84,1.85211567180279,13735.5673309265,1.78907860692569
2.85,1.85767612289868,14027.4645561307,1.79483699823387
2.86,1.86323574712471,14324.5166481229,1.80059314006422
2.87,1.86879454785886,14626.7962227939,1.80634705076025
2.88,1.8743525284592,14934.3766609614,1.81209874843686
2.89,1.87990969226357,15247.3321137257,1.81784825098405
2.9,1.88546604259041,15565.7375078442,1.8235955760706
2.91,1.89102158273824,15889.6685511243,1.82934074114764
2.92,1.89657631598613,16219.2017378353,1.83508376345221
2.93,1.90213024559365,16554.4143541391,1.84082466001062
2.94,1.90768337480099,16895.3844835392,1.84656344764194
2.95,1.91323570682951,17242.1910123486,1.85230014296123
2.96,1.91878724488101,17594.9136351766,1.85803476238282
2.97,1.92433799213864,17953.6328604338,1.8637673221235
2.98,1.92988795176641,18318.4300158563,1.86949783820561
2.99,1.93543712691024,18689.3872540484,1.87522632646016
3,1.94098552069679,19066.5875580437,1.88095280252978
3.01,1.94653313623439,19450.1147468854,1.8866772818717
3.02,1.95207997661326,19840.0534812252,1.89239977976059
3.03,1.95762604490508,20236.4892689401,1.89812031129148
3.04,1.9631713441635,20639.5084707694,1.90383889138245
3.05,1.96871587742428,21049.1983059691,1.90955553477742
3.06,1.97425964770511,21465.6468579851,1.91527025604877
3.07,1.97980265800588,21888.9430801463,1.92098306960003
3.08,1.98534491130907,22319.1768013745,1.92669398966842
3.09,1.99088641057931,22756.4387319148,1.93240303032735
3.1,1.99642715876413,23200.8204690838,1.93811020548896
3.11,2.00196715879332,23652.4145030359,1.94381552890653
3.12,2.0075064135797,24111.31422255,1.94951901417685
3.13,2.01304492601928,24577.6139208332,1.95522067474258
3.14,2.01858269899045,25051.4088013441,1.96092052389456
3.15,2.02411973535536,25532.7949836345,1.96661857477406
3.16,2.02965603795921,26021.8695092101,1.97231484037502
3.17,2.03519160963028,26518.7303474092,1.97800933354617
3.18,2.04072645318064,27023.4764013013,1.98370206699325
3.19,2.04626057140616,27536.2075136026,1.98939305328106
3.2,2.05179396708593,28057.0244726125,1.9950823048355
3.21,2.05732664298298,28586.0290181663,2.00076983394567
3.22,2.06285860184455,29123.3238476087,2.00645565276578
3.23,2.06838984640154,29669.0126217848,2.01213977331718
3.24,2.07392037936939,30223.1999710501,2.01782220749019
3.25,2.07945020344743,30785.9915012992,2.02350296704607
3.26,2.08497932131944,31357.4938000135,2.0291820636188
3.27,2.09050773565388,31937.8144423267,2.03485950871696
3.28,2.09603544910351,32527.0619971103,2.04053531372549
3.29,2.10156246430592,33125.3460330765,2.04620948990741
3.3,2.10708878388347,33732.7771249009,2.05188204840562
3.31,2.11261441044337,34349.4668593626,2.05755300024452
3.32,2.11813934657783,34975.5278415047,2.06322235633173
3.33,2.12366359486444,35611.0737008121,2.0688901274597
3.34,2.12918715786556,36256.2190974082,2.07455632430732
3.35,2.13471003812894,36911.0797282711,2.0802209574415
3.36,2.14023223818784,37575.7723334675,2.08588403731875
3.37,2.14575376056134,38250.414702406,2.09154557428666
3.38,2.15127460775342,38935.1256801086,2.09720557858543
3.39,2.15679478225443,39630.0251735015,2.10286406034936
3.4,2.16231428654013,40335.2341577236,2.10852102960827
3.41,2.1678331230725,41050.874682455,2.11417649628894
3.42,2.17335129429918,41777.0698782631,2.1198304702165
3.43,2.17886880265424,42513.9439629679,2.12548296111584
3.44,2.18438565055785,43261.6222480256,2.13113397861295
3.45,2.18990184041633,44020.231144932,2.13678353223621
3.46,2.19541737462237,44789.8981716427,2.14243163141779
3.47,2.20093225555572,45570.7519590139,2.14807828549486
3.48,2.2064464855817,46362.9222572608,2.15372350371089
3.49,2.21196006705343,47166.5399424347,2.15936729521689
3.5,2.21747300230997,47981.7370229195,2.16500966907268
3.51,2.22298529367763,48808.6466459461,2.170650634248
3.52,2.22849694346954,49647.4031041262,2.1762901996238
3.53,2.23400795398596,50498.1418420041,2.18192837399334
3.54,2.23951832751422,51360.9994626273,2.18756516606337
3.55,2.24502806632896,52236.1137341369,2.19320058445526
3.56,2.25053717269209,53123.6235963749,2.1988346377061
3.57,2.2560456488529,54023.6691675117,2.20446733426978
3.58,2.2615534970482,54936.3917506914,2.21009868251811
3.59,2.26706071950244,55861.9338406962,2.21572869074184
3.6,2.27256731842756,56800.4391306293,2.22135736715174
3.61,2.27807329602358,57752.0525186168,2.22698471987957
3.62,2.2835786544779,58716.9201145278,2.23261075697915
3.63,2.28908339596624,59695.1892467137,2.23823548642732
3.64,2.29458752265233,60687.0084687658,2.24385891612491
3.65,2.30009103668761,61692.5275662919,2.24948105389775
3.66,2.30559394021215,62711.8975637113,2.25510190749757
3.67,2.31109623535405,63745.2707310689,2.26072148460293
3.68,2.3165979242297,64792.8005908674,2.26633979282021
3.69,2.32209900894404,65854.6419249186,2.27195683968441
3.7,2.32759949159042,66930.9507812138,2.27757263266012
3.71,2.33309937425098,68021.8844808117,2.28318717914236
3.72,2.33859865899628,69127.6016247462,2.28880048645747
3.73,2.3440973478857,70248.2621009523,2.29441256186393
3.74,2.34959544296742,71384.0270912107,2.30002341255321
3.75,2.35509294627858,72535.0590781113,2.30563304565059
3.76,2.36058985984533,73701.5218520352,2.311241468216
3.77,2.36608618568282,74883.5805181558,2.31684868724477
3.78,2.37158192579523,76081.4015034577,2.32245470966844
3.79,2.37707708217609,77295.1525637752,2.32805954235557
3.8,2.38257165680813,78525.0027908495,2.33366319211245
3.81,2.38806565166347,79771.1226194034,2.33926566568387
3.82,2.39355952906354,81033.6838342364,2.34486696975388
3.83,2.39905236975417,82312.8595773372,2.3504671109465
3.84,2.40454463652267,83608.8243550156,2.35606609582644
3.85,2.41003633129962,84921.7540450525,2.36166393089983
3.86,2.41552745600492,86251.8259038691,2.36726062261488
3.87,2.42101801254824,87599.2185737146,2.37285617736261
3.88,2.42650800282931,88964.1120898727,2.37845060147749
3.89,2.43199742873752,90346.6878878868,2.38404390123815
3.9,2.43748629215247,91747.1288108033,2.38963608286798
3.91,2.44297459494386,93165.6191164347,2.39522715253585
3.92,2.4484623389714,94602.3444846402,2.40081711635668
3.93,2.45394952608487,96057.4920246265,2.40640598039211
3.94,2.45943615812463,97531.2502822651,2.41199375065113
3.95,2.46492223692112,99023.8092474308,2.41758043309064
3.96,2.4704077642954,100535.360361356,2.42316603361611
3.97,2.47589274205878,102066.096524009,2.42875055808215
3.98,2.48137717201332,103616.212101482,2.43433401229308
3.99,2.48686105595138,105185.902933407,2.43991640200355
4,2.49234439565643,106775.366340387,2.44549773291905
4.01,2.49782719290217,108384.80113144,2.45107801069654
4.02,2.50330944945345,110014.407611476,2.45665724094494
4.03,2.50879116706583,111664.387588775,2.46223542922571
4.04,2.5142723474858,113334.944382499,2.46781258105339
4.05,2.51975299245067,115026.282830212,2.47338870189611
4.06,2.52523310368908,116738.609295424,2.47896379717613
4.07,2.53071268292061,118472.131675155,2.48453787227035
4.08,2.53619173185612,120227.059407512,2.49011093251081
4.09,2.54167025219726,122003.60347929,2.4956829831852
4.1,2.54714824563767,123801.976433588,2.50125402953736
4.11,2.55262571386158,125622.392377448,2.50682407676776
4.12,2.55810265854527,127465.066989508,2.51239313003398
4.13,2.563579081356,129330.217527674,2.51796119445117
4.14,2.56905498395268,131218.062836818,2.52352827509256
4.15,2.5745303679858,133128.823356484,2.52909437698987
4.16,2.58000523509753,135062.72112862,2.53465950513381
4.17,2.58547958692176,137019.979805325,2.54022366447449
4.18,2.59095342508398,139000.824656619,2.54578685992189
4.19,2.59642675120138,141005.482578227,2.55134909634629
4.2,2.6018995668833,143034.182099384,2.5569103785787
4.21,2.60737187373074,145087.153390657,2.56247071141127
4.22,2.61284367333655,147164.62827179,2.56803009959773
4.23,2.61831496728609,149266.840219561,2.5735885478538
4.24,2.62378575715627,151394.024375665,2.5791460608576
4.25,2.62925604451628,153546.41755461,2.58470264325002
4.26,2.63472583092759,155724.258251632,2.59025829963518
4.27,2.64019511794354,157927.786650637,2.59581303458077
4.28,2.64566390711034,160157.244632147,2.60136685261845
4.29,2.65113219996576,162412.875781277,2.60691975824423
4.3,2.65659999804068,164694.925395728,2.61247175591888
4.31,2.66206730285785,167003.640493795,2.61802285006825
4.32,2.66753411593278,169339.269822395,2.62357304508366
4.33,2.6730004387734,171702.063865116,2.62912234532227
4.34,2.67846627288022,174092.274850286,2.63467075510745
4.35,2.6839316197465,176510.156759052,2.64021827872907
4.36,2.68939648085786,178955.965333489,2.64576492044394
4.37,2.69486085769273,181429.958084719,2.65131068447607
4.38,2.70032475172267,183932.394301056,2.65685557501705
4.39,2.70578816441171,186463.53505616,2.66239959622641
4.4,2.71125109721661,189023.643217222,2.66794275223187
4.41,2.71671355158705,191612.983453156,2.67348504712977
4.42,2.7221755289664,194231.822242816,2.6790264849853
4.43,2.72763703079003,196880.427883235,2.68456706983288
4.44,2.73309805848675,199559.070497871,2.69010680567644
4.45,2.73855861347872,202268.022044885,2.69564569648974
4.46,2.74401869718069,205007.556325428,2.70118374621668
4.47,2.74947831100097,207777.948991952,2.70672095877161
4.48,2.75493745634111,210579.477556538,2.71225733803961
4.49,2.76039613459562,213412.421399241,2.71779288787679
4.5,2.76585434715259,216277.061776459,2.7233276121106
4.51,2.77131209539349,219173.681829313,2.72886151454007
4.52,2.77676938069263,222102.566592053,2.73439459893617
4.53,2.78222620441857,225064.003000478,2.739926869042
4.54,2.78768256793296,228058.279900375,2.74545832857315
4.55,2.79313847259062,231085.688055981,2.75098898121792
4.56,2.7985939197405,234146.520158459,2.7565188306376
4.57,2.8040489107249,237241.070834393,2.76204788046676
4.58,2.80950344687977,240369.636654305,2.76757613431348
4.59,2.81495752953462,243532.516141187,2.77310359575964
4.6,2.82041116001293,246730.009779055,2.77863026836115
4.61,2.82586433963185,249962.420021519,2.78415615564824
4.62,2.8313170697021,253230.051300372,2.78968126112566
4.63,2.83676935152852,256533.210034201,2.79520558827298
4.64,2.84222118640985,259872.204637011,2.80072914054479
4.65,2.84767257563872,263247.345526875,2.80625192137098
4.66,2.85312352050121,266658.945134592,2.81177393415696
4.67,2.85857402227802,270107.317912378,2.81729518228389
4.68,2.86402408224373,273592.78034256,2.82281566910891
4.69,2.86947370166708,277115.650946304,2.82833539796542
4.7,2.87492288181041,280676.25029235,2.83385437216322
4.71,2.8803716239309,284274.90100577,2.83937259498881
4.72,2.88581992927921,287911.927776745,2.8448900697056
4.73,2.89126779910081,291587.657369365,2.85040679955408
4.74,2.8967152346353,295302.418630433,2.8559227877521
4.75,2.90216223711606,299056.542498308,2.86143803749504
4.76,2.90760880777156,302850.362011751,2.86695255195605
4.77,2.91305494782421,306684.212318797,2.87246633428624
4.78,2.9185006584905,310558.430685643,2.8779793876149
4.79,2.92394594098204,314473.356505554,2.8834917150497
4.8,2.92939079650445,318429.331307793,2.88900331967689
4.81,2.93483522625811,322426.698766565,2.8945142045615
4.82,2.94027923143751,326465.804709975,2.90002437274754
4.83,2.94572281323221,330546.997129021,2.9055338272582
4.84,2.95116597282583,334670.626186583,2.91104257109601
4.85,2.95660871139708,338837.044226453,2.9165506072431
4.86,2.96205103011927,343046.605782366,2.92205793866132
4.87,2.96749293016026,347299.667587062,2.92756456829245
4.88,2.97293441268246,351596.588581358,2.9330704990584
4.89,2.97837547884368,355937.729923247,2.93857573386136
4.9,2.98381612979569,360323.454997006,2.94408027558403
4.91,2.98925636668573,364754.129422332,2.94958412708973
4.92,2.99469619065571,369230.121063488,2.95508729122263
4.93,3.00013560284223,373751.800038479,2.96058977080792
4.94,3.00557460437694,378319.538728233,2.96609156865193
4.95,3.01101319638668,382933.711785814,2.97159268754238
4.96,3.01645137999295,387594.69614564,2.97709313024848
4.97,3.0218891563121,392302.871032733,2.98259289952114
4.98,3.02732652645617,397058.617971982,2.98809199809309
4.99,3.0327634915314,401862.320797419,2.9935904286791
5,3.03820005263997,406714.365661522,2.99908819397608
5.01,3.04363621087885,411615.141044538,3.0045852966633
5.02,3.04907196734015,416565.037763812,3.0100817394025
5.03,3.05450732311088,421564.448983151,3.01557752483805
5.04,3.05994227927372,426613.770222195,3.02107265559714
5.05,3.06537683690632,431713.399365809,3.02656713428988
5.06,3.07081099708182,436863.736673501,3.0320609635095
5.07,3.07624476086859,442065.184788847,3.03755414583246
5.08,3.08167812933004,447318.148748944,3.04304668381862
5.09,3.08711110352544,452623.035993877,3.04853858001137
5.1,3.09254368450891,457980.256376209,3.0540298369378
5.11,3.0979758733303,463390.222170478,3.05952045710881
5.12,3.10340767103512,468853.348082735,3.06501044301925
5.13,3.1088390786637,474370.051260076,3.07049979714811
5.14,3.11427009725251,479940.751300208,3.07598852195859
5.15,3.11970072783308,485565.870261029,3.08147661989828
5.16,3.12513097143271,491245.832670227,3.08696409339928
5.17,3.13056082907441,496981.065534901,3.09245094487834
5.18,3.13599030177641,502771.998351191,3.09793717673699
5.19,3.14141939055254,508619.06311394,3.10342279136164
5.2,3.14684809641301,514522.694326362,3.10890779112377
5.21,3.15227642036274,520483.329009741,3.11439217838001
5.22,3.15770436340312,526501.406713137,3.11987595547228
5.23,3.16313192653073,532577.369523121,3.12535912472792
5.24,3.16855911073811,538711.662073516,3.1308416884598
5.25,3.17398591701369,544904.731555174,3.13632364896645
5.26,3.17941234634146,551157.027725756,3.14180500853219
5.27,3.18483839970157,557469.002919537,3.14728576942725
5.28,3.19026407806933,563841.112057231,3.15276593390785
5.29,3.19568938241697,570273.812655837,3.15824550421638
5.3,3.20111431371163,576767.564838492,3.16372448258146
5.31,3.2065388729169,583322.831344355,3.16920287121809
5.32,3.21196306099218,589940.077538506,3.17468067232774
5.33,3.21738687889281,596619.771421863,3.18015788809849
5.34,3.22281032757022,603362.383641113,3.18563452070512
5.35,3.22823340797173,610168.387498674,3.1911105723092
5.36,3.23365612104061,617038.258962661,3.19658604505926
5.37,3.23907846771662,623972.476676884,3.20206094109085
5.38,3.24450044893484,630971.521970851,3.20753526252663
5.39,3.24992206562725,638035.878869806,3.21300901147655
5.4,3.25534331872153,645166.034104772,3.21848219003787
5.41,3.26076420914163,652362.477122611,3.22395480029533
5.42,3.26618473780749,659625.700096125,3.22942684432119
5.43,3.27160490563564,666956.197934148,3.2348983241754
5.44,3.27702471353823,674354.468291669,3.24036924190565
5.45,3.28244416242406,681821.011579979,3.24583959954748
5.46,3.28786325319805,689356.330976826,3.25130939912438
5.47,3.29328198676146,696960.932436599,3.25677864264791
5.48,3.29870036401196,704635.324700518,3.26224733211776
5.49,3.30411838584309,712380.019306856,3.26771546952186
5.5,3.3095360531454,720195.530601174,3.27318305683649
5.51,3.31495336680508,728082.375746568,3.27865009602633
5.52,3.32037032770527,736041.07473395,3.28411658904462
5.53,3.32578693672508,744072.150392334,3.28958253783319
5.54,3.33120319474029,752176.128399141,3.29504794432257
5.55,3.33661910262309,760353.537290539,3.3005128104321
5.56,3.3420346612423,768604.908471782,3.30597713806999
5.57,3.34744987146281,776930.776227573,3.31144092913342
5.58,3.35286473414612,785331.677732454,3.31690418550864
5.59,3.35827925015049,793808.153061211,3.32236690907102
5.6,3.36369342033054,802360.745199289,3.32782910168518
5.61,3.36910724553729,810990.000053232,3.33329076520504
5.62,3.37452072661893,819696.466461153,3.33875190147392
5.63,3.37993386441951,828480.696203199,3.34421251232463
5.64,3.38534665978005,837343.244012055,3.34967259957952
5.65,3.39075911353812,846284.667583457,3.35513216505061
5.66,3.39617122652819,855305.527586725,3.36059121053962
5.67,3.40158299958095,864406.387675317,3.36604973783808
5.68,3.40699443352393,873587.8144974,3.3715077487274
5.69,3.41240552918176,882850.37770644,3.37696524497897
5.7,3.41781628737513,892194.649971811,3.38242222835417
5.71,3.4232267089222,901621.206989419,3.38787870060455
5.72,3.42863679463709,911130.627492354,3.39333466347181
5.73,3.43404654533136,920723.493261552,3.39879011868793
5.74,3.43945596181305,930400.389136474,3.40424506797522
5.75,3.44486504488689,940161.903025815,3.40969951304642
5.76,3.45027379535488,950008.625918224,3.41515345560474
5.77,3.45568221401531,959941.151893038,3.42060689734395
5.78,3.46109030166383,969960.078131044,3.42605983994846
5.79,3.46649805909265,980066.004925257,3.43151228509336
5.8,3.47190548709101,990259.535691716,3.43696423444454
5.81,3.47731258644503,1000541.27698029,3.4424156896587
5.82,3.48271935793766,1010911.83848552,3.44786665238347
5.83,3.48812580234899,1021371.83305749,3.45331712425745
5.84,3.49353192045606,1031921.87671263,3.45876710691028
5.85,3.49893771303265,1042562.58864469,3.46421660196273
5.86,3.50434318084944,1053294.59123559,3.46966561102672
5.87,3.50974832467476,1064118.51006637,3.47511413570545
5.88,3.51515314527315,1075034.97392813,3.48056217759339
5.89,3.52055764340714,1086044.614833,3.48600973827642
5.9,3.52596181983523,1097148.0680251,3.49145681933183
5.91,3.53136567531384,1108345.97199158,3.49690342232842
5.92,3.5367692105961,1119638.96847359,3.50234954882657
5.93,3.54217242643239,1131027.70247737,3.50779520037826
5.94,3.54757532356994,1142512.82228527,3.51324037852717
5.95,3.55297790275358,1154094.97946684,3.51868508480873
5.96,3.55838016472477,1165774.82888995,3.52412932075018
5.97,3.56378211022259,1177553.02873183,3.52957308787062
5.98,3.56918373998279,1189430.24049029,3.53501638768109
5.99,3.5745850547389,1201407.12899481,3.54045922168459
6,3.57998605522115,1213484.36241774,3.54590159137621
6.01,3.58538674215737,1225662.61228547,3.55134349824311
6.02,3.59078711627261,1237942.55348966,3.55678494376461
6.03,3.59618717828868,1250324.86429842,3.56222592941225
6.04,3.60158692892496,1262810.22636762,3.56766645664987
6.05,3.60698636889844,1275399.32475209,3.57310652693359
6.06,3.61238549892316,1288092.84791695,3.57854614171195
6.07,3.61778431971025,1300891.48774888,3.58398530242593
6.08,3.62318283196809,1313795.93956745,3.58942401050896
6.09,3.62858103640329,1326806.90213645,3.59486226738707
6.1,3.63397893371854,1339925.07767526,3.60030007447886
6.11,3.63937652461485,1353151.17187021,3.60573743319557
6.12,3.64477380979028,1366485.89388601,3.61117434494118
6.13,3.65017078994003,1379929.95637709,3.6166108111124
6.14,3.65556746575699,1393484.0754991,3.62204683309875
6.15,3.6609638379318,1407148.97092035,3.6274824122826
6.16,3.66635990715162,1420925.36583323,3.63291755003927
6.17,3.67175567410204,1434813.98696575,3.63835224773698
6.18,3.67715113946526,1448815.56459303,3.64378650673699
6.19,3.68254630392177,1462930.83254881,3.64922032839362
6.2,3.68794116814891,1477160.52823702,3.65465371405428
6.21,3.69333573282133,1491505.39264332,3.66008666505955
6.22,3.69872999861233,1505966.17034667,3.66551918274319
6.23,3.70412396619119,1520543.60953098,3.67095126843223
6.24,3.7095176362262,1535238.46199667,3.67638292344698
6.25,3.71491100938212,1550051.48317234,3.68181414910111
6.26,3.72030408632185,1564983.43212643,3.68724494670165
6.27,3.72569686770531,1580035.07157886,3.6926753175491
6.28,3.73108935419075,1595207.16791276,3.69810526293741
6.29,3.73648154643348,1610500.49118616,3.70353478415406
6.3,3.74187344508673,1625915.81514374,3.70896388248011
6.31,3.74726505080065,1641453.91722853,3.71439255919022
6.32,3.75265636422407,1657115.57859376,3.71982081555272
6.33,3.75804738600278,1672901.58411456,3.72524865282963
6.34,3.76343811678055,1688812.72239984,3.73067607227671
6.35,3.76882855719828,1704849.78580405,3.73610307514352
6.36,3.77421870789533,1721013.57043905,3.74152966267344
6.37,3.77960856950794,1737304.87618601,3.74695583610372
6.38,3.78499814267063,1753724.5067072,3.7523815966655
6.39,3.79038742801563,1770273.26945798,3.75780694558392
6.4,3.79577642617242,1786951.97569866,3.76323188407808
6.41,3.80116513776879,1803761.44050645,3.76865641336111
6.42,3.80655356343,1820702.48278744,3.77408053464024
6.43,3.81194170377877,1837775.92528852,3.77950424911678
6.44,3.81732955943582,1854982.59460943,3.78492755798623
6.45,3.82271713102015,1872323.32121473,3.79035046243825
6.46,3.82810441914798,1889798.93944586,3.79577296365676
6.47,3.83349142443343,1907410.28753313,3.80119506281993
6.48,3.8388781474883,1925158.20760789,3.80661676110025
6.49,3.84426458892236,1943043.5457145,3.81203805966453
6.5,3.84965074934377,1961067.15182252,3.817458959674
6.51,3.85503662935747,1979229.87983879,3.8228794622843
6.52,3.86042222956708,1997532.58761958,3.8282995686455
6.53,3.86580755057355,2015976.13698275,3.83371927990221
6.54,3.87119259297606,2034561.39371994,3.83913859719352
6.55,3.87657735737127,2053289.22760876,3.84455752165313
6.56,3.8819618443548,2072160.512425,3.84997605440932
6.57,3.88734605451861,2091176.12595487,3.85539419658501
6.58,3.89272998845383,2110336.95000726,3.86081194929779
6.59,3.89811364674881,2129643.870426,3.86622931365997
6.6,3.90349702999027,2149097.77710216,3.87164629077859
6.61,3.90888013876259,2168699.56398636,3.87706288175547
6.62,3.91426297364812,2188450.12910109,3.88247908768723
6.63,3.91964553522749,2208350.37455308,3.88789490966535
6.64,3.92502782407903,2228401.20654562,3.89331034877618
6.65,3.93040984077887,2248603.535391,3.89872540610098
6.66,3.93579158590192,2268958.27552287,3.90414008271596
6.67,3.9411730600199,2289466.34550869,3.90955437969229
6.68,3.94655426370337,2310128.66806215,3.91496829809615
6.69,3.95193519752109,2330946.17005565,3.92038183898879
6.7,3.95731586203891,2351919.78253276,3.92579500342648
6.71,3.96269625782196,2373050.44072073,3.93120779246065
6.72,3.96807638543228,2394339.08404297,3.93662020713782
6.73,3.97345624543093,2415786.65613167,3.94203224849969
6.74,3.97883583837625,2437394.10484023,3.94744391758317
6.75,3.98421516482499,2459162.38225594,3.95285521542039
6.76,3.98959422533219,2481092.44471253,3.95826614303871
6.77,3.99497302045068,2503185.25280275,3.96367670146083
6.78,4.0003515507314,2525441.77139104,3.96908689170471
6.79,4.00572981672357,2547862.96962616,3.97449671478371
6.8,4.01110781897477,2570449.82095385,3.97990617170653
6.81,4.01648555803009,2593203.30312952,3.98531526347728
6.82,4.02186303443282,2616124.39823096,3.99072399109552
6.83,4.02724024872543,2639214.09267104,3.99613235555625
6.84,4.03261720144713,2662473.37721046,4.00154035784999
6.85,4.03799389313639,2685903.24697054,4.00694799896276
6.86,4.04337032432955,2709504.70144593,4.01235527987612
6.87,4.04874649556045,2733278.74451746,4.01776220156722
6.88,4.05412240736208,2757226.38446494,4.02316876500881
6.89,4.05949806026536,2781348.63397999,4.02857497116927
6.9,4.06487345479889,2805646.51017889,4.03398082101264
6.91,4.07024859149,2830121.03461545,4.03938631549862
6.92,4.07562347086465,2854773.23329391,4.04479145558266
6.93,4.08099809344602,2879604.13668185,4.05019624221591
6.94,4.08637245975626,2904614.77972308,4.0556006763453
6.95,4.09174657031569,2929806.20185064,4.06100475891356
6.96,4.09712042564243,2955179.44699972,4.06640849085922
6.97,4.1024940262532,2980735.56362068,4.07181187311665
6.98,4.10786737266343,3006475.604692,4.0772149066161
6.99,4.11324046538641,3032400.62773337,4.08261759228369
7,4.11861330493309,3058511.69481865,4.08801993104148
7.01,4.12398589181406,3084809.87258899,4.09342192380745
7.02,4.12935822653706,3111296.2322659,4.09882357149556
7.03,4.13473030960869,3137971.84966429,4.10422487501576
7.04,4.14010214153404,3164837.80520565,4.10962583527401
7.05,4.14547372281588,3191895.18393115,4.1150264531723
7.06,4.1508450539558,3219145.07551479,4.12042672960872
7.07,4.15621613545372,3246588.57427659,4.12582666547739
7.08,4.16158696780824,3274226.77919574,4.13122626166859
7.09,4.16695755151551,3302060.79392385,4.13662551906871
7.1,4.17232788707033,3330091.72679816,4.1420244385603
7.11,4.17769797496602,3358320.69085475,4.14742302102208
7.12,4.18306781569444,3386748.80384188,4.152821267329
7.13,4.18843740974589,3415377.18823319,4.15821917835221
7.14,4.19380675760847,3444206.97124106,4.16361675495912
7.15,4.19917585976919,3473239.28482989,4.1690139980134
7.16,4.20454471671345,3502475.26572947,4.17441090837503
7.17,4.20991332892485,3531916.05544829,4.17980748690028
7.18,4.21528169688558,3561562.80028699,4.18520373444178
7.19,4.22064982107594,3591416.65135168,4.1905996518485
7.2,4.22601770197541,3621478.76456739,4.19599523996581
7.21,4.23138534006131,3651750.30069149,4.20139049963545
7.22,4.23675273580954,3682232.42532716,4.20678543169561
7.23,4.24211988969434,3712926.30893682,4.21218003698091
7.24,4.24748680218869,3743833.12685565,4.21757431632244
7.25,4.25285347376406,3774954.0593051,4.22296827054776
7.26,4.25821990489013,3806290.29140639,4.22836190048096
7.27,4.26358609603491,3837843.01319406,4.23375520694264
7.28,4.26895204766561,3869613.41962954,4.23914819074994
7.29,4.27431776024751,3901602.71061475,4.24454085271657
7.3,4.27968323424408,3933812.09100564,4.24993319365284
7.31,4.28504847011812,3966242.77062588,4.25532521436565
7.32,4.29041346832987,3998895.96428044,4.26071691565854
7.33,4.29577822933959,4031772.89176928,4.26610829833167
7.34,4.30114275360406,4064874.77790102,4.27149936318188
7.35,4.30650704158043,4098202.85250661,4.27689011100271
7.36,4.31187109372398,4131758.35045308,4.28228054258437
7.37,4.31723491048766,4165542.51165723,4.28767065871381
7.38,4.3225984923238,4199556.5810994,4.29306046017473
7.39,4.3279618396831,4233801.80883725,4.29844994774756
7.4,4.33332495301464,4268279.45001952,4.30383912220954
7.41,4.3386878327667,4302990.76489985,4.30922798433468
7.42,4.34405047938547,4337937.01885061,4.31461653489382
7.43,4.34941289331591,4373119.48237672,4.32000477465463
7.44,4.35477507500128,4408539.43112955,4.32539270438162
7.45,4.36013702488464,4444198.14592075,4.33078032483619
7.46,4.36549874340605,4480096.91273618,4.3361676367766
7.47,4.37086023100537,4516237.02274984,4.34155464095803
7.48,4.37622148812074,4552619.77233778,4.34694133813259
7.49,4.38158251518864,4589246.46309204,4.3523277290493
7.5,4.38694331264422,4626118.40183468,4.35771381445417
7.51,4.39230388092178,4663236.90063172,4.36309959509015
7.52,4.39766422045397,4700603.27680719,4.36848507169721
7.53,4.40302433167198,4738218.85295711,4.37387024501231
7.54,4.4083842150055,4776084.95696358,4.37925511576943
7.55,4.4137438708836,4814202.92200885,4.3846396846996
7.56,4.41910329973299,4852574.08658938,4.39002395253092
7.57,4.42446250198013,4891199.79452993,4.39540791998853
7.58,4.42982147804919,4930081.39499775,4.40079158779468
7.59,4.43518022836384,4969220.24251666,4.40617495666873
7.6,4.44053875334584,5008617.69698122,4.41155802732716
7.61,4.44589705341589,5048275.12367094,4.41694080048357
7.62,4.45125512899385,5088193.89326445,4.42232327684874
7.63,4.45661298049699,5128375.38185371,4.4277054571306
7.64,4.46197060834277,5168820.97095827,4.43308734203428
7.65,4.46732801294677,5209532.04753952,4.43846893226209
7.66,4.47268519472299,5250510.00401496,4.44385022851359
7.67,4.47804215408437,5291756.23827244,4.44923123148553
7.68,4.48339889144287,5333272.15368459,4.45461194187193
7.69,4.48875540720847,5375059.15912302,4.45999236036408
7.7,4.49411170179121,5417118.66897273,4.46537248765053
7.71,4.49946777559845,5459452.10314649,4.47075232441712
7.72,4.50482362903754,5502060.8870992,4.47613187134702
7.73,4.510179262513,5544946.45184229,4.48151112912068
7.74,4.51553467642996,5588110.23395814,4.48689009841593
7.75,4.52088987119133,5631553.67561454,4.49226877990792
7.76,4.52624484719879,5675278.22457915,4.49764717426917
7.77,4.53159960485246,5719285.33423395,4.5030252821696
7.78,4.53695414455255,5763576.46358977,4.50840310427649
7.79,4.54230846669675,5808153.07730078,4.51378064125454
7.8,4.54766257168209,5853016.64567904,4.51915789376589
7.81,4.55301645990468,5898168.64470905,4.52453486247008
7.82,4.55837013175873,5943610.55606232,4.52991154802412
7.83,4.56372358763782,5989343.86711195,4.53528795108249
7.84,4.5690768279341,6035370.07094726,4.54066407229713
7.85,4.57442985303891,6081690.66638841,4.54603991231746
7.86,4.57978266334158,6128307.15800102,4.55141547179044
7.87,4.58513525923115,6175221.0561109,4.5567907513605
7.88,4.59048764109502,6222433.87681865,4.56216575166964
7.89,4.59583980932008,6269947.14201445,4.56754047335738
7.9,4.60119176429096,6317762.37939268,4.57291491706079
7.91,4.60654350639213,6365881.12246676,4.57828908341453
7.92,4.61189503600654,6414304.91058386,4.58366297305082
7.93,4.61724635351557,6463035.28893967,4.58903658659949
7.94,4.62259745930028,6512073.80859321,4.59440992468798
7.95,4.62794835374036,6561422.02648166,4.59978298794133
7.96,4.63329903721345,6611081.50543515,4.60515577698222
7.97,4.6386495100981,6661053.81419166,4.61052829243098
7.98,4.64399977276953,6711340.52741187,4.6159005349056
7.99,4.64934982560272,6761943.22569404,4.62127250502172
8,4.65469966897223,6812863.49558891,4.62664420339269
8.01,4.66004930325118,6864102.92961468,4.63201563062953
8.02,4.66539872881052,6915663.12627191,4.63738678734098
8.02999999999999,4.67074794602152,6967545.69005848,4.64275767413348
8.04,4.67609695525348,7019752.23148461,4.64812829161122
8.05,4.68144575687507,7072284.36708779,4.65349864037611
8.06,4.68679435125352,7125143.71944791,4.65886872102784
8.07,4.69214273875545,7178331.91720221,4.66423853416384
8.08,4.69749091974618,7231850.59506036,4.66960808037933
8.09,4.70283889458956,7285701.39381956,4.67497736026731
8.1,4.70818666364921,7339885.9603796,4.68034637441858
8.10999999999999,4.71353422728688,7394405.947758,4.68571512342175
8.12,4.71888158586388,7449263.01510515,4.69108360786327
8.13,4.72422873973997,7504458.82771941,4.69645182832739
8.14,4.72957568927423,7559995.05706234,4.70181978539623
8.15,4.73492243482471,7615873.38077386,4.70718747964976
8.16,4.74026897674806,7672095.48268746,4.7125549116658
8.17,4.74561531540039,7728663.05284543,4.71792208202007
8.18,4.75096145113629,7785577.78751408,4.72328899128616
8.19,4.75630738430961,7842841.38919907,4.72865564003557
8.19999999999999,4.76165311527309,7900455.56666061,4.73402202883771
8.21,4.76699864437879,7958422.03492881,4.7393881582599
8.22,4.77234397197706,8016742.51531897,4.74475402886739
8.23,4.77768909841793,8075418.73544698,4.75011964122339
8.24,4.78303402404998,8134452.42924458,4.75548499588903
8.25,4.78837874922075,8193845.33697484,4.76085009342344
8.26,4.79372327427757,8253599.20524745,4.76621493438369
8.27,4.79906759956605,8313715.78703421,4.77157951932485
8.27999999999999,4.80441172543049,8374196.84168447,4.77694384879997
8.29,4.80975565221491,8435044.13494049,4.78230792336011
8.3,4.81509938026236,8496259.43895298,4.78767174355434
8.31,4.82044290991442,8557844.5322966,4.79303530992977
8.32,4.8257862415118,8619801.19998543,4.79839862303151
8.33,4.8311293753947,8682131.2334885,4.80376168340273
8.34,4.83647231190202,8744836.43074533,4.80912449158467
8.35,4.84181505137187,8807918.59618152,4.81448704811659
8.35999999999999,4.84715759414047,8871379.5407243,4.81984935353585
8.37,4.85249994054501,8935221.08181817,4.82521140837789
8.38,4.85784209091966,8999445.04344043,4.83057321317624
8.39,4.863184045599,9064053.25611695,4.83593476846251
8.4,4.86852580491637,9129047.5569377,4.84129607476646
8.41,4.87386736920337,9194429.78957252,4.84665713261592
8.42,4.8792087387923,9260201.80428675,4.85201794253689
8.43,4.88454991401314,9326365.45795697,4.85737850505348
8.44,4.88989089519508,9392922.61408671,4.86273882068796
8.44999999999999,4.89523168266688,9459875.14282225,4.86809888996075
8.46,4.90057227675684,9527224.92096834,4.87345871339044
8.47,4.90591267779011,9594973.83200395,4.87881829149379
8.48,4.91125288609416,9663123.7660982,4.88417762478574
8.49,4.91659290199299,9731676.62012607,4.88953671377942
8.5,4.92193272581084,9800634.29768429,4.89489555898618
8.51,4.92727235787114,9869998.70910719,4.90025416091555
8.52,4.93261179849506,9939771.77148259,4.90561252007529
8.52999999999999,4.93795104800481,10009955.4086676,4.91097063697141
8.54,4.9432901067211,10080551.551305,4.91632851210811
8.55,4.94862897496235,10151562.1368382,4.92168614598786
8.56,4.95396765304806,10222989.1095283,4.9270435391114
8.57,4.95930614129527,10294834.4204694,4.93240069197769
8.58,4.96464444002169,10367100.0276047,4.93775760508399
8.59,4.96998254954305,10439787.8957426,4.94311427892582
8.6,4.97532047017381,10512899.9965728,4.948470713997
8.60999999999999,4.98065820222915,10586438.3086822,4.95382691078963
8.62,4.98599574602165,10660404.8175709,4.95918286979413
8.63,4.99133310186466,10734801.5156685,4.96453859149921
8.64,4.99667027006939,10809630.4023501,4.96989407639191
8.65,5.00200725094634,10884893.4839525,4.9752493249576
8.66,5.00734404480611,10960592.7737901,4.98060433767997
8.67,5.01268065195778,11036730.2921713,4.98595911504108
8.68,5.01801707270918,11113308.0664147,4.9913136575213
8.69,5.02335330736808,11190328.1308652,4.99666796559939
8.7,5.02868935624107,11267792.5269101,5.00202203975248
8.71,5.03402521963373,11345703.3029955,5.00737588045604
8.72,5.03936089785086,11424062.5146426,5.01272948818396
8.73,5.04469639119725,11502872.2244639,5.01808286340849
8.74,5.05003169997529,11582134.5021793,5.02343600660029
8.75,5.05536682448798,11661851.4246327,5.02878891822843
8.76,5.06070176503673,11742025.0758083,5.03414159876038
8.77,5.06603652192251,11822657.5468468,5.03949404866203
8.77999999999999,5.07137109544522,11903750.9360618,5.04484626839772
8.79,5.07670548590404,11985307.3489562,5.05019825843019
8.8,5.08203969359749,12067328.8982387,5.05555001922064
8.81,5.08737371882243,12149817.7038401,5.06090155122872
8.82,5.09270756187665,12232775.8929299,5.06625285491254
8.83,5.09804122305575,12316205.5999324,5.07160393072865
8.84,5.10337470265476,12400108.9665435,5.0769547791321
8.85,5.10870800096813,12484488.1417474,5.08230540057641
8.85999999999999,5.11404111828936,12569345.2818325,5.08765579551357
8.87,5.11937405491167,12654682.5504084,5.09300596439407
8.88,5.1247068111266,12740502.1184223,5.09835590766691
8.89,5.13003938722531,12826806.1641757,5.10370562577958
8.9,5.1353717834988,12913596.8733407,5.1090551191781
8.91,5.1407040002364,13000876.4389768,5.11440438830699
8.92,5.14603603772734,13088647.0615479,5.11975343360931
8.93,5.15136789625901,13176910.948938,5.12510225552666
8.94,5.15669957611963,13265670.3164689,5.13045085449915
8.95,5.16203107759539,13354927.3869163,5.13579923096548
8.96,5.16736240097268,13444684.3905264,5.14114738536286
8.97,5.17269354653619,13534943.565033,5.1464953181271
8.98,5.17802451457006,13625707.1556743,5.15184302969254
8.99,5.18335530535755,13716977.4152091,5.15719052049213
9,5.18868591918278,13808756.603934,5.16253779095737
9.01,5.19401635632669,13901046.9897004,5.16788484151835
9.02,5.19934661707088,13993850.8479306,5.17323167260378
9.02999999999999,5.20467670169652,14087170.4616354,5.17857828464094
9.04,5.2100066104832,14181008.1214305,5.18392467805573
9.05,5.21533634370919,14275366.1255535,5.18927085327265
9.06,5.22066590165387,14370246.7798807,5.19461681071484
9.07,5.22599528459484,14465652.3979441,5.19996255080404
9.08,5.23132449280886,14561585.3009486,5.20530807396064
9.09,5.23665352657193,14658047.8177882,5.21065338060365
9.1,5.24198238615968,14755042.2850637,5.21599847115074
9.10999999999999,5.24731107184711,14852571.0470995,5.22134334601822
9.12,5.25263958390804,14950636.4559603,5.22668800562105
9.13,5.25796792261615,15049240.8714684,5.23203245037288
9.14,5.26329608824366,15148386.6612206,5.23737668068598
9.15,5.26862408106243,15248076.2006055,5.24272069697134
9.16,5.27395190134376,15348311.8728204,5.2480644996386
9.17,5.2792795493584,15449096.0688881,5.25340808909609
9.18,5.28460702537603,15550431.1876747,5.25875146575085
9.19,5.28993432966627,15652319.6359061,5.26409463000859
9.2,5.29526146249588,15754763.8281855,5.26943758227375
9.21,5.30058842413428,15857766.1870104,5.27478032294946
9.22,5.30591521484798,15961329.1427899,5.28012285243756
9.23,5.31124183490327,16065455.1338619,5.28546517113863
9.24,5.31656828456507,16170146.6065103,5.29080727945196
9.25,5.32189456409932,16275406.0149821,5.29614917777559
9.26,5.32722067377015,16381235.8215049,5.30149086650627
9.27,5.33254661384083,16487638.4963041,5.30683234603951
9.27999999999999,5.33787238457467,16594616.5176202,5.31217361676957
9.29,5.34319798623298,16702172.371726,5.31751467908946
9.3,5.34852341907877,16810308.552944,5.32285553339094
9.31,5.35384868337176,16919027.5636642,5.32819618006455
9.32,5.35917377937257,17028331.9143605,5.3335366194996
9.33,5.36449870734125,17138224.123609,5.33887685208416
9.34,5.36982346753608,17248706.7181051,5.3442168782051
9.35,5.3751480602151,17359782.2326807,5.34955669824806
9.35999999999999,5.38047248563647,17471453.2103222,5.35489631259748
9.37,5.3857967440571,17583722.2021873,5.3602357216366
9.38,5.39112083573302,17696591.767623,5.36557492574745
9.39,5.39644476091983,17810064.4741829,5.37091392531088
9.4,5.40176851987247,17924142.8976446,5.37625272070655
9.41,5.40709211284568,18038829.6220277,5.38159131231293
9.42,5.41241554009263,18154127.2396108,5.38692970050733
9.43,5.41773880186683,18270038.3509495,5.39226788566586
9.44,5.42306189842038,18386565.5648938,5.3976058681635
9.45,5.42838483000503,18503711.4986057,5.40294364837404
9.46,5.43370759687188,18621478.7775768,5.40828122667012
9.47,5.43903019927155,18739870.0356464,5.41361860342322
9.48,5.44435263745429,18858887.9150185,5.41895577900371
9.49,5.44967491166836,18978535.06628,5.42429275378077
9.5,5.45499702216337,19098814.1484182,5.42962952812247
9.51,5.46031896918653,19219727.8288384,5.43496610239574
9.52,5.465640752986,19341278.7833821,5.44030247696638
9.52999999999999,5.47096237380779,19463469.6963443,5.44563865219909
9.54,5.47628383189819,19586303.2604915,5.45097462845743
9.55,5.48160512750314,19709782.1770795,5.45631040610384
9.56,5.48692626086702,19833909.1558711,5.46164598549968
9.57,5.49224723223443,19958686.9151543,5.46698136700518
9.58,5.49756804184876,20084118.1817596,5.47231655097949
9.59,5.50288868995338,20210205.6910784,5.47765153778065
9.6,5.50820917679068,20336952.1870805,5.48298632776563
9.60999999999999,5.51352950260246,20464360.4223325,5.48832092129031
9.62,5.51884966762977,20592433.1580151,5.49365531870946
9.63,5.52416967211373,20721173.1639416,5.49898952037683
9.64,5.52948951629379,20850583.2185756,5.50432352664505
9.65,5.53480920041027,20980666.1090492,5.5096573378657
9.66,5.54012872470129,21111424.6311805,5.51499095438932
9.67,5.54544808940586,21242861.5894925,5.52032437656535
9.68,5.55076729476041,21374979.7972303,5.52565760474222
9.69,5.55608634100343,21507782.0763796,5.53099063926729
9.7,5.56140522837096,21641271.2576848,5.53632348048686
9.71,5.56672395709827,21775450.1806669,5.54165612874623
9.72,5.57204252742143,21910321.6936418,5.54698858438963
9.73,5.57736093957583,22045888.6537384,5.55232084776027
9.74,5.58267919379418,22182153.9269165,5.55765291920035
9.75,5.58799729031159,22319120.3879857,5.56298479905102
9.76,5.5933152293598,22456790.9206225,5.56831648765242
9.77,5.5986330111724,22595168.4173897,5.5736479853437
9.77999999999999,5.60395063598065,22734255.7797538,5.57897929246297
9.79,5.60926810401581,22874055.9181034,5.58431040934735
9.8,5.61458541550932,23014571.7517679,5.58964133633296
9.81,5.619902570691,23155806.2090352,5.5949720737549
9.82,5.62521956979043,23297762.2271705,5.60030262194731
9.83,5.63053641303686,23440442.7524342,5.60563298124332
9.84,5.63585310065885,23583850.7401009,5.61096315197508
9.85,5.64116963288419,23727989.1544768,5.61629313447376
9.85999999999999,5.64648600994065,23872860.968919,5.62162292906957
9.87,5.65180223205476,24018469.1658535,5.62695253609171
9.88,5.65711829945315,24164816.7367935,5.63228195586844
9.89,5.66243421236158,24311906.682358,5.63761118872705
9.9,5.66774997100538,24459742.0122904,5.64294023499387
9.91,5.67306557560874,24608325.7454767,5.64826909499426
9.92,5.67838102639698,24757660.9099642,5.65359776905266
9.93,5.68369632359206,24907750.54298,5.65892625749251
9.94,5.68901146741795,25058597.6909494,5.66425456063636
9.95,5.69432645809731,25210205.4095144,5.66958267880578
9.96,5.69964129585203,25362576.7635527,5.67491061232141
9.97,5.70495598090364,25515714.8271958,5.68023836150297
9.98,5.71027051347302,25669622.6838479,5.68556592666924
9.99,5.71558489378029,25824303.4262042,5.69089330813809
10,5.72089912204599,25979760.1562703,5.69622050622643
