0.01	0.016451508	-3040.484407
0.02	0.032916098	-760.5323556
0.03	0.049407225	-338.368175
0.04	0.06593909	-190.5645669
0.05	0.08252702	-122.1091955
0.06	0.099187835	-84.88953389
0.07	0.115940223	-62.42093783
0.08	0.132805117	-47.81731952
0.09	0.149806067	-37.78863891
0.1	0.166969614	-30.60176642
0.11	0.184325664	-25.27319611
0.12	0.201907861	-21.21106814
0.13	0.219753962	-18.0418617
0.14	0.237906211	-15.5203902
0.15	0.256411711	-13.48029098
0.16	0.2753228	-11.8054497
0.17	0.294697425	-10.41282117
0.18	0.314599513	-9.241732814
2.01	1.515069842	1043.056152
2.02	1.518623218	1069.017693
2.03	1.522151045	1095.495467
2.04	1.525653686	1122.497153
2.05	1.529131497	1150.030504
2.06	1.532584824	1178.103353
2.07	1.536014008	1206.723606
2.08	1.539419383	1235.899247
2.09	1.542801275	1265.638339
2.1	1.546160007	1295.949021
2.11	1.54949589	1326.839511
2.12	1.552809235	1358.318105
2.13	1.556100341	1390.393179
2.14	1.559369507	1423.073186
2.15	1.562617021	1456.36666
2.16	1.565843169	1490.282217
2.17	1.569048229	1524.828549
2.18	1.572232476	1560.014433
2.19	1.575396179	1595.848725
2.2	1.578539602	1632.340362
2.21	1.581663002	1669.498364
2.22	1.584766635	1707.331833
2.23	1.587850749	1745.849954
2.24	1.590915589	1785.061994
2.25	1.593961395	1824.977305
2.26	1.596988403	1865.60532
2.27	1.599996845	1906.955559
2.28	1.602986947	1949.037625
2.29	1.605958934	1991.861206
2.3	1.608913025	2035.436076
2.31	1.611849434	2079.772094
2.32	1.614768374	2124.879204
2.33	1.617670052	2170.767438
2.34	1.620554674	2217.446915
2.35	1.623422438	2264.927839
2.36	1.626273544	2313.220503
2.37	1.629108184	2362.335289
2.38	1.63192655	2412.282663
2.39	1.634728828	2463.073185
2.4	1.637515202	2514.717501
2.41	1.640285854	2567.226345
2.42	1.643040962	2620.610545
2.43	1.645780701	2674.881015
2.44	1.648505243	2730.048761
2.45	1.651214757	2786.124881
2.46	1.65390941	2843.120562
2.47	1.656589365	2901.047085
2.48	1.659254784	2959.915821
2.49	1.661905826	3019.738234
2.5	1.664542645	3080.525881
2.51	1.667165397	3142.290412
2.52	1.669774231	3205.04357
2.53	1.672369296	3268.797192
2.54	1.67495074	3333.56321
2.55	1.677518705	3399.353651
2.56	1.680073333	3466.180634
2.57	1.682614765	3534.056376
2.58	1.685143137	3602.993189
2.59	1.687658584	3673.003482
2.6	1.690161241	3744.099759
2.61	1.692651238	3816.29462
2.62	1.695128704	3889.600766
2.63	1.697593766	3964.030992
2.64	1.70004655	4039.598192
2.65	1.70248718	4116.315359
2.66	1.704915776	4194.195583
2.67	1.707332458	4273.252056
2.68	1.709737346	4353.498067
2.69	1.712130554	4434.947005
2.7	1.714512197	4517.61236
2.71	1.716882389	4601.507722
2.72	1.719241241	4686.646783
2.73	1.721588862	4773.043336
2.74	1.72392536	4860.711273
2.75	1.726250842	4949.664593
2.76	1.728565414	5039.917393
2.77	1.730869177	5131.483875
2.78	1.733162236	5224.378345
2.79	1.735444689	5318.615209
2.8	1.737716637	5414.208981
2.81	1.739978177	5511.174278
2.82	1.742229406	5609.525819
2.83	1.744470419	5709.278432
2.84	1.74670131	5810.447049
2.85	1.748922171	5913.046707
2.86	1.751133094	6017.092549
2.87	1.753334169	6122.599827
2.88	1.755525484	6229.583897
2.89	1.757707127	6338.060224
2.9	1.759879186	6448.04438
2.91	1.762041744	6559.552045
2.92	1.764194886	6672.599008
2.93	1.766338696	6787.201166
2.94	1.768473255	6903.374527
2.95	1.770598645	7021.135206
2.96	1.772714944	7140.499429
2.97	1.774822232	7261.483533
2.98	1.776920587	7384.103965
2.99	1.779010086	7508.377283
3	1.781090804	7634.320156
3.01	1.783162815	7761.949366
3.02	1.785226195	7891.281807
3.03	1.787281016	8022.334484
3.04	1.78932735	8155.124515
3.05	1.791365267	8289.669135
3.06	1.793394839	8425.985687
3.07	1.795416135	8564.091633
3.08	1.797429223	8704.004546
3.09	1.79943417	8845.742116
3.1	1.801431044	8989.322147
3.11	1.803419911	9134.762557
3.12	1.805400835	9282.081385
3.13	1.807373881	9431.29678
3.14	1.809339113	9582.427012
3.15	1.811296594	9735.490466
3.16	1.813246384	9890.505646
3.17	1.815188547	10047.49117
3.18	1.817123142	10206.46578
3.19	1.81905023	10367.44833
3.2	1.820969869	10530.45781
3.21	1.822882118	10695.51329
3.22	1.824787035	10862.63401
3.23	1.826684676	11031.83929
3.24	1.828575099	11203.14859
3.25	1.830458358	11376.58149
3.26	1.83233451	11552.15768
3.27	1.834203608	11729.89698
3.28	1.836065707	11909.81934
3.29	1.83792086	12091.94482
3.3	1.839769118	12276.2936
3.31	1.841610536	12462.88599
3.32	1.843445162	12651.74243
3.33	1.84527305	12842.88347
3.34	1.847094249	13036.32978
3.35	1.848908808	13232.10218
3.36	1.850716777	13430.2216
3.37	1.852518205	13630.70908
3.38	1.854313139	13833.58582
3.39	1.856101627	14038.87311
3.4	1.857883716	14246.59239
3.41	1.859659453	14456.76521
3.42	1.861428884	14669.41327
3.43	1.863192053	14884.55838
3.44	1.864949007	15102.22248
3.45	1.86669979	15322.42764
3.46	1.868444445	15545.19605
3.47	1.870183017	15770.55006
3.48	1.871915548	15998.5121
3.49	1.873642081	16229.10478
3.5	1.875362658	16462.35081
3.51	1.877077321	16698.27303
3.52	1.878786112	16936.89442
3.53	1.880489071	17178.2381
3.54	1.882186238	17422.3273
3.55	1.883877654	17669.1854
3.56	1.885563358	17918.8359
3.57	1.887243389	18171.30244
3.58	1.888917787	18426.60879
3.59	1.890586589	18684.77886
3.6	1.892249834	18945.83668
3.61	1.893907559	19209.80643
3.62	1.895559801	19476.71242
3.63	1.897206598	19746.57908
3.64	1.898847985	20019.431
3.65	1.900483999	20295.29288
3.66	1.902114675	20574.18959
3.67	1.90374005	20856.1461
3.68	1.905360157	21141.18754
3.69	1.906975032	21429.33916
3.7	1.908584709	21720.62637
3.71	1.910189222	22015.07469
3.72	1.911788605	22312.70982
3.73	1.91338289	22613.55754
3.74	1.914972112	22917.64383
3.75	1.916556302	23224.99477
3.76	1.918135493	23535.63658
3.77	1.919709717	23849.59565
3.78	1.921279005	24166.89848
3.79	1.92284339	24487.57173
3.8	1.924402902	24811.64219
3.81	1.925957573	25139.13679
3.82	1.927507432	25470.08262
3.83	1.92905251	25804.50689
3.84	1.930592837	26142.43696
3.85	1.932128442	26483.90035
3.86	1.933659355	26828.92471
3.87	1.935185606	27177.53782
3.88	1.936707222	27529.76762
3.89	1.938224233	27885.6422
3.9	1.939736667	28245.18979
3.91	1.941244551	28608.43875
3.92	1.942747914	28975.41762
3.93	1.944246784	29346.15504
3.94	1.945741186	29720.67984
3.95	1.94723115	30099.02098
3.96	1.9487167	30481.20755
3.97	1.950197864	30867.26882
3.98	1.951674669	31257.23418
3.99	1.953147139	31651.13318
4	1.954615302	32048.99553
4.01	1.956079182	32450.85108
4.02	1.957538805	32856.72981
4.03	1.958994196	33266.66188
4.04	1.96044538	33680.67759
4.05	1.961892382	34098.80738
4.06	1.963335226	34521.08186
4.07	1.964773936	34947.53177
4.08	1.966208537	35378.18802
4.09	1.967639052	35813.08166
4.1	1.969065505	36252.2439
4.11	1.970487919	36695.7061
4.12	1.971906318	37143.49978
4.13	1.973320724	37595.65661
4.14	1.97473116	38052.20839
4.15	1.97613765	38513.18712
4.16	1.977540215	38978.62491
4.17	1.978938877	39448.55407
4.18	1.980333659	39923.00702
4.19	1.981724582	40402.01636
4.2	1.983111669	40885.61486
4.21	1.98449494	41373.83541
4.22	1.985874417	41866.71109
4.23	1.987250121	42364.27512
4.24	1.988622073	42866.56088
4.25	1.989990294	43373.60192
4.26	1.991354804	43885.43193
4.27	1.992715624	44402.08477
4.28	1.994072774	44923.59446
4.29	1.995426274	45449.99517
4.3	1.996776143	45981.32125
4.31	1.998122403	46517.60718
4.32	1.999465071	47058.88763
4.33	2.000804169	47605.19742
4.34	2.002139714	48156.57153
4.35	2.003471727	48713.0451
4.36	2.004800225	49274.65343
4.37	2.006125229	49841.43199
4.38	2.007446755	50413.41642
4.39	2.008764824	50990.6425
4.4	2.010079454	51573.14619
4.41	2.011390661	52160.96363
4.42	2.012698466	52754.13108
4.43	2.014002884	53352.68501
4.44	2.015303936	53956.66203
4.45	2.016601637	54566.09892
4.46	2.017896005	55181.03263
4.47	2.019187058	55801.50028
4.48	2.020474813	56427.53914
4.49	2.021759288	57059.18667
4.5	2.023040498	57696.48047
4.51	2.024318461	58339.45834
4.52	2.025593193	58988.15823
4.53	2.026864712	59642.61825
4.54	2.028133032	60302.87669
4.55	2.029398172	60968.97202
4.56	2.030660147	61640.94287
4.57	2.031918972	62318.82802
4.58	2.033174665	63002.66646
4.59	2.03442724	63692.49731
4.6	2.035676713	64388.3599
4.61	2.036923101	65090.29371
4.62	2.038166418	65798.33838
4.63	2.039406679	66512.53375
4.64	2.040643901	67232.91982
4.65	2.041878097	67959.53676
4.66	2.043109284	68692.42491
4.67	2.044337475	69431.62481
4.68	2.045562686	70177.17713
4.69	2.046784931	70929.12276
4.7	2.048004225	71687.50273
4.71	2.049220583	72452.35827
4.72	2.050434017	73223.73076
4.73	2.051644544	74001.66179
4.74	2.052852177	74786.1931
4.75	2.054056929	75577.36661
4.76	2.055258816	76375.22443
4.77	2.05645785	77179.80883
4.78	2.057654045	77991.16228
4.79	2.058847415	78809.32741
4.8	2.060037974	79634.34703
4.81	2.061225735	80466.26413
4.82	2.062410711	81305.1219
4.83	2.063592915	82150.96367
4.84	2.064772361	83003.833
4.85	2.065949061	83863.77358
4.86	2.067123029	84730.82932
4.87	2.068294277	85605.04429
4.88	2.069462818	86486.46275
4.89	2.070628665	87375.12913
4.9	2.071791831	88271.08806
4.91	2.072952327	89174.38435
4.92	2.074110166	90085.06298
4.93	2.075265361	91003.16913
4.94	2.076417924	91928.74814
4.95	2.077567867	92861.84557
4.96	2.078715201	93802.50713
4.97	2.07985994	94750.77874
4.98	2.081002094	95706.70648
4.99	2.082141675	96670.33665
5	2.083278697	97641.71571
5.01	2.084413169	98620.89031
5.02	2.085545103	99607.90729
5.03	2.086674512	100602.8137
5.04	2.087801406	101605.6567
5.05	2.088925796	102616.4838
5.06	2.090047695	103635.3424
5.07	2.091167113	104662.2805
5.08	2.092284061	105697.346
5.09	2.09339855	106740.5869
5.1	2.094510591	107792.0518
5.11	2.095620196	108851.7891
5.12	2.096727374	109919.8475
5.13	2.097832137	110996.2761
5.14	2.098934495	112081.1238
5.15	2.100034459	113174.44
5.16	2.10113204	114276.2742
5.17	2.102227247	115386.6761
5.18	2.103320091	116505.6955
5.19	2.104410583	117633.3826
5.2	2.105498733	118769.7876
5.21	2.10658455	119914.9609
5.22	2.107668046	121068.9533
5.23	2.108749229	122231.8156
5.24	2.109828111	123403.5988
5.25	2.1109047	124584.3542
5.26	2.111979007	125774.1332
5.27	2.113051042	126972.9875
5.28	2.114120814	128180.9688
5.29	2.115188332	129398.1292
5.3	2.116253608	130624.521
5.31	2.117316649	131860.1965
5.32	2.118377466	133105.2085
5.33	2.119436067	134359.6096
5.34	2.120492463	135623.453
5.35	2.121546662	136896.7918
5.36	2.122598674	138179.6794
5.37	2.123648508	139472.1696
5.38	2.124696173	140774.3161
5.39	2.125741678	142086.1728
5.4	2.126785032	143407.7942
5.41	2.127826244	144739.2345
5.42	2.128865323	146080.5484
5.43	2.129902278	147431.7907
5.44	2.130937117	148793.0164
5.45	2.131969849	150164.2809
5.46	2.133000484	151545.6394
5.47	2.134029028	152937.1478
5.48	2.135055492	154338.8617
5.49	2.136079883	155750.8373
5.5	2.137102211	157173.1307
5.51	2.138122482	158605.7986
5.52	2.139140706	160048.8975
5.53	2.140156892	161502.4842
5.54	2.141171046	162966.616
5.55	2.142183178	164441.35
5.56	2.143193296	165926.7437
5.57	2.144201407	167422.8549
5.58	2.14520752	168929.7415
5.59	2.146211643	170447.4615
5.6	2.147213783	171976.0733
5.61	2.148213949	173515.6354
5.62	2.149212149	175066.2066
5.63	2.15020839	176627.8458
5.64	2.151202679	178200.6122
5.65	2.152195026	179784.5651
5.66	2.153185436	181379.7641
5.67	2.154173919	182986.2691
5.68	2.155160481	184604.14
5.69	2.156145131	186233.437
5.7	2.157127874	187874.2206
5.71	2.15810872	189526.5515
5.72	2.159087676	191190.4904
5.73	2.160064748	192866.0984
5.74	2.161039944	194553.4369
5.75	2.162013271	196252.5672
5.76	2.162984737	197963.5513
5.77	2.163954349	199686.4508
5.78	2.164922114	201421.3281
5.79	2.165888038	203168.2454
5.8	2.16685213	204927.2654
5.81	2.167814396	206698.4508
5.82	2.168774843	208481.8646
5.83	2.169733477	210277.57
5.84	2.170690307	212085.6306
5.85	2.171645338	213906.1099
5.86	2.172598578	215739.0718
5.87	2.173550033	217584.5805
5.88	2.17449971	219442.7002
5.89	2.175447616	221313.4955
5.9	2.176393757	223197.0311
5.91	2.177338141	225093.3721
5.92	2.178280773	227002.5835
5.93	2.17922166	228924.7309
5.94	2.180160808	230859.8798
5.95	2.181098225	232808.0962
5.96	2.182033917	234769.4461
5.97	2.182967889	236743.9957
5.98	2.183900149	238731.8118
5.99	2.184830703	240732.9609
6	2.185759556	242747.51
6.01	2.186686716	244775.5264
6.02	2.187612188	246817.0775
6.03	2.188535979	248872.231
6.04	2.189458095	250941.0546
6.05	2.190378541	253023.6166
6.06	2.191297325	255119.9851
6.07	2.192214452	257230.2289
6.08	2.193129928	259354.4165
6.09	2.194043759	261492.6172
6.1	2.194955951	263644.9
6.11	2.195866509	265811.3344
6.12	2.196775441	267991.9902
6.13	2.197682752	270186.9373
6.14	2.198588447	272396.2457
6.15	2.199492532	274619.9858
6.16	2.200395014	276858.2284
6.17	2.201295897	279111.0441
6.18	2.202195188	281378.5041
6.19	2.203092892	283660.6796
6.2	2.203989015	285957.6422
6.21	2.204883563	288269.4637
6.22	2.20577654	290596.2159
6.23	2.206667953	292937.9712
6.24	2.207557807	295294.802
6.25	2.208446108	297666.7809
6.26	2.209332861	300053.981
6.27	2.210218071	302456.4752
6.28	2.211101744	304874.3372
6.29	2.211983886	307307.6403
6.3	2.212864501	309756.4586
6.31	2.213743595	312220.866
6.32	2.214621173	314700.937
6.33	2.215497241	317196.7461
6.34	2.216371803	319708.3681
6.35	2.217244866	322235.8779
6.36	2.218116433	324779.351
6.37	2.218986511	327338.8627
6.38	2.219855104	329914.489
6.39	2.220722218	332506.3056
6.4	2.221587857	335114.3889
6.41	2.222452027	337738.8153
6.42	2.223314733	340379.6615
6.43	2.224175979	343037.0045
6.44	2.225035771	345710.9214
6.45	2.225894113	348401.4898
6.46	2.226751011	351108.7871
6.47	2.227606469	353832.8913
6.48	2.228460493	356573.8807
6.49	2.229313086	359331.8335
6.5	2.230164254	362106.8284
6.51	2.231014002	364898.9443
6.52	2.231862335	367708.2602
6.53	2.232709257	370534.8556
6.54	2.233554772	373378.81
6.55	2.234398886	376240.2034
6.56	2.235241604	379119.1157
6.57	2.236082929	382015.6273
6.58	2.236922867	384929.8188
6.59	2.237761423	387861.7711
6.6	2.238598599	390811.5651
6.61	2.239434403	393779.2823
6.62	2.240268837	396765.0041
6.63	2.241101906	399768.8125
6.64	2.241933616	402790.7894
6.65	2.242763969	405831.0172
6.66	2.243592972	408889.5784
6.67	2.244420627	411966.5558
6.68	2.245246941	415062.0326
6.69	2.246071916	418176.0919
6.7	2.246895557	421308.8173
6.71	2.247717869	424460.2927
6.72	2.248538856	427630.6021
6.73	2.249358523	430819.8298
6.74	2.250176873	434028.0604
6.75	2.25099391	437255.3786
6.76	2.25180964	440501.8696
6.77	2.252624066	443767.6186
6.78	2.253437193	447052.7112
6.79	2.254249024	450357.2332
6.8	2.255059563	453681.2707
6.81	2.255868816	457024.9101
6.82	2.256676786	460388.2379
6.83	2.257483477	463771.3408
6.84	2.258288892	467174.3062
6.85	2.259093038	470597.2212
6.86	2.259895916	474040.1734
6.87	2.260697532	477503.2508
6.88	2.261497888	480986.5414
6.89	2.26229699	484490.1337
6.9	2.263094842	488014.1161
6.91	2.263891446	491558.5777
6.92	2.264686807	495123.6076
6.93	2.26548093	498709.2951
6.94	2.266273817	502315.73
6.95	2.267065472	505943.0021
6.96	2.267855901	509591.2016
6.97	2.268645105	513260.419
6.98	2.26943309	516950.7449
6.99	2.270219859	520662.2704
7	2.271005415	524395.0866
7.01	2.271789763	528149.285
7.02	2.272572906	531924.9574
7.03	2.273354848	535722.1957
7.04	2.274135592	539541.0923
7.05	2.274915143	543381.7397
7.06	2.275693504	547244.2306
7.07	2.276470678	551128.6581
7.08	2.27724667	555035.1155
7.09	2.278021483	558963.6965
7.1	2.27879512	562914.4949
7.11	2.279567585	566887.6047
7.12	2.280338882	570883.1204
7.13	2.281109013	574901.1367
7.14	2.281877984	578941.7483
7.15	2.282645797	583005.0506
7.16	2.283412455	587091.1389
7.17	2.284177963	591200.109
7.18	2.284942324	595332.0568
7.19	2.28570554	599487.0786
7.2	2.286467616	603665.2709
7.21	2.287228556	607866.7306
7.22	2.287988361	612091.5546
7.23	2.288747037	616339.8403
7.24	2.289504585	620611.6852
7.25	2.29026101	624907.1873
7.26	2.291016315	629226.4447
7.27	2.291770503	633569.5557
7.28	2.292523578	637936.6192
7.29	2.293275543	642327.7339
7.3	2.294026401	646742.9992
7.31	2.294776155	651182.5145
7.32	2.295524808	655646.3796
7.33	2.296272365	660134.6946
7.34	2.297018828	664647.5597
7.35	2.2977642	669185.0756
7.36	2.298508485	673747.343
7.37	2.299251685	678334.4633
7.38	2.299993805	682946.5377
7.39	2.300734846	687583.6679
7.4	2.301474812	692245.9559
7.41	2.302213707	696933.5041
7.42	2.302951534	701646.4148
7.43	2.303688295	706384.7908
7.44	2.304423993	711148.7353
7.45	2.305158632	715938.3516
7.46	2.305892216	720753.7433
7.47	2.306624745	725595.0144
7.48	2.307356225	730462.269
7.49	2.308086658	735355.6115
7.5	2.308816046	740275.1468
7.51	2.309544394	745220.9798
7.52	2.310271703	750193.2159
7.53	2.310997977	755191.9606
7.54	2.311723219	760217.3198
7.55	2.312447432	765269.3997
7.56	2.313170618	770348.3067
7.57	2.313892781	775454.1475
7.58	2.314613924	780587.029
7.59	2.315334048	785747.0587
7.6	2.316053159	790934.344
7.61	2.316771257	796148.9927
7.62	2.317488346	801391.1131
7.63	2.318204429	806660.8135
7.64	2.318919509	811958.2026
7.65	2.319633589	817283.3895
7.66	2.32034667	822636.4833
7.67	2.321058757	828017.5936
7.68	2.321769852	833426.8304
7.69	2.322479957	838864.3036
7.7	2.323189076	844330.1238
7.71	2.323897211	849824.4016
7.72	2.324604365	855347.248
7.73	2.325310541	860898.7743
7.74	2.326015741	866479.0921
7.75	2.326719968	872088.3132
7.76	2.327423224	877726.5498
7.77	2.328125514	883393.9143
7.78	2.328826838	889090.5194
7.79	2.3295272	894816.4782
7.8	2.330226603	900571.904
7.81	2.330925049	906356.9103
7.82	2.33162254	912171.6111
7.83	2.33231908	918016.1205
7.84	2.33301467	923890.553
7.85	2.333709314	929795.0234
7.86	2.334403015	935729.6468
7.87	2.335095773	941694.5384
7.88	2.335787594	947689.814
7.89	2.336478477	953715.5895
7.9	2.337168428	959771.9811
7.91	2.337857447	965859.1054
7.92	2.338545537	971977.0792
7.93	2.339232701	978126.0196
7.94	2.339918942	984306.044
7.95	2.340604262	990517.2701
7.96	2.341288663	996759.816
7.97	2.341972147	1003033.8
7.98	2.342654719	1009339.341
7.99	2.343336378	1015676.557
8	2.344017129	1022045.568
8.01	2.344696974	1028446.493
8.02	2.345375914	1034879.453
8.03	2.346053953	1041344.566
8.04	2.346731093	1047841.955
8.05	2.347407336	1054371.738
8.06	2.348082685	1060934.038
8.07	2.348757142	1067528.976
8.08	2.349430709	1074156.672
8.09	2.350103389	1080817.25
8.1	2.350775183	1087510.831
8.11	2.351446096	1094237.538
8.12	2.352116127	1100997.494
8.13	2.352785281	1107790.821
8.14	2.35345356	1114617.643
8.15	2.354120964	1121478.085
8.16	2.354787498	1128372.269
8.17	2.355453163	1135300.321
8.18	2.356117961	1142262.365
8.19	2.356781896	1149258.525
8.2	2.357444968	1156288.928
8.21	2.35810718	1163353.698
8.22	2.358768535	1170452.961
8.23	2.359429034	1177586.845
8.24	2.36008868	1184755.475
8.25	2.360747476	1191958.977
8.26	2.361405423	1199197.48
8.27	2.362062523	1206471.11
8.28	2.362718779	1213779.995
8.29	2.363374193	1221124.263
8.3	2.364028766	1228504.043
8.31	2.364682502	1235919.463
8.32	2.365335403	1243370.653
8.33	2.365987469	1250857.74
8.34	2.366638705	1258380.855
8.35	2.367289111	1265940.129
8.36	2.36793869	1273535.69
8.37	2.368587444	1281167.67
8.38	2.369235375	1288836.199
8.39	2.369882485	1296541.408
8.4	2.370528776	1304283.43
8.41	2.371174251	1312062.395
8.42	2.371818911	1319878.436
8.43	2.372462759	1327731.685
8.44	2.373105796	1335622.275
8.45	2.373748024	1343550.338
8.46	2.374389446	1351516.009
8.47	2.375030064	1359519.421
8.48	2.375669879	1367560.707
8.49	2.376308894	1375640.003
8.5	2.376947111	1383757.442
8.51	2.377584531	1391913.159
8.52	2.378221157	1400107.291
8.53	2.37885699	1408339.972
8.54	2.379492033	1416611.338
8.55	2.380126288	1424921.526
8.56	2.380759756	1433270.671
8.57	2.381392439	1441658.912
8.58	2.38202434	1450086.384
8.59	2.382655461	1458553.226
8.6	2.383285802	1467059.574
8.61	2.383915367	1475605.568
8.62	2.384544157	1484191.346
8.63	2.385172174	1492817.046
8.64	2.38579942	1501482.808
8.65	2.386425897	1510188.771
8.66	2.387051607	1518935.074
8.67	2.387676551	1527721.859
8.68	2.388300732	1536549.264
8.69	2.388924151	1545417.431
8.7	2.38954681	1554326.501
8.71	2.390168712	1563276.615
8.72	2.390789857	1572267.914
8.73	2.391410248	1581300.542
8.74	2.392029887	1590374.639
8.75	2.392648775	1599490.35
8.76	2.393266914	1608647.816
8.77	2.393884307	1617847.181
8.78	2.394500954	1627088.589
8.79	2.395116858	1636372.184
8.8	2.39573202	1645698.109
8.81	2.396346443	1655066.51
8.82	2.396960128	1664477.531
8.83	2.397573076	1673931.318
8.84	2.398185291	1683428.017
8.85	2.398796772	1692967.773
8.86	2.399407523	1702550.732
8.87	2.400017544	1712177.041
8.88	2.400626838	1721846.848
8.89	2.401235407	1731560.298
8.9	2.401843251	1741317.541
8.91	2.402450373	1751118.723
8.92	2.403056775	1760963.994
8.93	2.403662458	1770853.501
8.94	2.404267424	1780787.393
8.95	2.404871674	1790765.821
8.96	2.405475211	1800788.933
8.97	2.406078036	1810856.879
8.98	2.406680151	1820969.809
8.99	2.407281556	1831127.875
9	2.407882255	1841331.227
9.01	2.408482249	1851580.017
9.02	2.409081539	1861874.395
9.03	2.409680127	1872214.514
9.04	2.410278015	1882600.526
9.05	2.410875204	1893032.584
9.06	2.411471695	1903510.841
9.07	2.412067492	1914035.45
9.08	2.412662594	1924606.565
9.09	2.413257005	1935224.339
9.1	2.413850725	1945888.927
9.11	2.414443756	1956600.483
9.12	2.415036099	1967359.164
9.13	2.415627757	1978165.123
9.14	2.41621873	1989018.516
9.15	2.416809021	1999919.5
9.16	2.417398631	2010868.231
9.17	2.417987561	2021864.866
9.18	2.418575814	2032909.561
9.19	2.41916339	2044002.474
9.2	2.419750291	2055143.763
9.21	2.42033652	2066333.586
9.22	2.420922076	2077572.101
9.23	2.421506962	2088859.467
9.24	2.42209118	2100195.843
9.25	2.422674731	2111581.388
9.26	2.423257616	2123016.263
9.27	2.423839837	2134500.627
9.28	2.424421396	2146034.641
9.29	2.425002293	2157618.466
9.3	2.425582531	2169252.262
9.31	2.426162112	2180936.192
9.32	2.426741035	2192670.418
9.33	2.427319304	2204455.1
9.34	2.427896919	2216290.403
9.35	2.428473882	2228176.489
9.36	2.429050194	2240113.521
9.37	2.429625857	2252101.663
9.38	2.430200873	2264141.079
9.39	2.430775242	2276231.933
9.4	2.431348967	2288374.389
9.41	2.431922049	2300568.614
9.42	2.432494488	2312814.772
9.43	2.433066287	2325113.028
9.44	2.433637447	2337463.55
9.45	2.43420797	2349866.503
9.46	2.434777856	2362322.054
9.47	2.435347108	2374830.37
9.48	2.435915727	2387391.619
9.49	2.436483713	2400005.969
9.5	2.43705107	2412673.587
9.51	2.437617797	2425394.643
9.52	2.438183896	2438169.305
9.53	2.438749369	2450997.743
9.54	2.439314217	2463880.125
9.55	2.439878442	2476816.623
9.56	2.440442044	2489807.406
9.57	2.441005026	2502852.646
9.58	2.441567389	2515952.512
9.59	2.442129133	2529107.177
9.6	2.442690261	2542316.812
9.61	2.443250773	2555581.59
9.62	2.443810671	2568901.682
9.63	2.444369957	2582277.263
9.64	2.444928631	2595708.504
9.65	2.445486696	2609195.579
9.66	2.446044152	2622738.663
9.67	2.446601	2636337.93
9.68	2.447157243	2649993.554
9.69	2.447712881	2663705.71
9.7	2.448267915	2677474.574
9.71	2.448822348	2691300.321
9.72	2.44937618	2705183.127
9.73	2.449929412	2719123.17
9.74	2.450482047	2733120.625
9.75	2.451034084	2747175.67
9.76	2.451585526	2761288.482
9.77	2.452136374	2775459.24
9.78	2.452686629	2789688.121
9.79	2.453236292	2803975.304
9.8	2.453785364	2818320.969
9.81	2.454333848	2832725.294
9.82	2.454881744	2847188.46
9.83	2.455429053	2861710.645
9.84	2.455975776	2876292.032
9.85	2.456521916	2890932.8
9.86	2.457067473	2905633.132
9.87	2.457612448	2920393.207
9.88	2.458156842	2935213.21
9.89	2.458700658	2950093.32
9.9	2.459243895	2965033.723
9.91	2.459786556	2980034.599
9.92	2.460328642	2995096.134
9.93	2.460870153	3010218.51
9.94	2.461411091	3025401.911
9.95	2.461951458	3040646.524
9.96	2.462491253	3055952.531
9.97	2.46303048	3071320.119
9.98	2.463569138	3086749.473
9.99	2.464107229	3102240.779
10	2.464644755	3117794.223
