= A1,0.0164515084305705,-3040.48440746523
0.02,0.0329160982083243,-760.532355612306
0.03,0.0494072245540581,-338.36817502431
0.04,0.0659390904356849,-190.564566910046
0.05,0.082527020441856,-122.109195469337
0.06,0.0991878346555304,-84.8895338859018
0.07,0.115940222527534,-62.4209378319781
0.08,0.132805116750134,-47.8173195202096
0.09,0.149806067130644,-37.7886389062667
0.1,0.166969614464977,-30.6017664246325
0.11,0.184325664411212,-25.2731961147144
0.12,0.201907861363193,-21.2110681409262
0.13,0.219753962324079,-18.0418616959957
0.14,0.237906210779947,-15.5203902009976
0.15,0.256411710573347,-13.4802909768588
0.16,0.275322799776876,-11.8054497003453
0.17,0.29469742456677,-10.4128211726307
0.18,0.314599513096465,-9.24173281424818
0.19,0.335099349370172,-8.24701838706026
0.2,0.356273947116468,-7.39449085119249
0.21,0.378207423661855,-6.65788593162522
0.22,0.400991373804336,-6.01675456827282
0.23,0.424725243686999,-5.45498186146909
0.24,0.449516704671591,-4.95972832628042
0.25,0.475482027212084,-4.52066120511903
0.26,0.502746454728263,-4.12938842669165
0.27,0.531444577479291,-3.77903636018203
0.28,0.561720706437291,-3.46393106892258
0.29,0.593729247160913,-3.17935504269711
0.3,0.627635073668921,-2.92135964396918
0.31,0.663613902313762,-2.68661914213776
0.32,0.701852665655136,-2.47231611606057
0.33,0.742549886333582,-2.27605074675263
0.34,0.785916050944045,-2.09576847017845
0.35,0.832173983909453,-1.92970186003292
0.36,0.8815592213543,-1.77632362731252
0.37,0.934320384978205,-1.63430836955131
0.38,0.990719555929507,-1.50250125512777
0.39,1.05103264867882,-1.37989224087477
0.4,1.11554978489263,-1.26559473224822
0.41,1.18457566730685,-1.15882783148357
0.42,1.25842995360041,-1.05890149984491
0.43,1.33744763026883,-0.965204099266594
0.44,1.42197938649777,-0.877191886644691
0.45,1.51239198803665,-0.794380118298183
0.46,1.6090686510722,-0.71633548828664
0.47,1.71240941610203,-0.642669676527803
0.48,1.8228315218082,-0.573033824156285
0.49,1.94076977893085,-0.507113786691396
0.5,2.06667694414169,-0.444626042159201
0.51,2.20102409391764,-0.385314152738421
0.52,2.34430099841437,-0.328945695850049
0.53,2.49701649533991,-0.275309594723077
0.54,2.6596988638282,-0.22421378999623
0.55,2.83289619831264,-0.175483203369668
0.56,3.01717678239974,-0.128957952104426
0.57,3.21312946274262,-0.0844917795999383
0.58,3.42136402291461,-0.0419506726151132
0.59,3.64251155728287,-0.00121164013856552
0.6,3.87722484488189,0.0378383673785853
0.61,4.12617872328711,0.0753034166078669
0.62,4.39007046248849,0.111279443316856
0.63,4.66962013876409,0.14585501110112
0.64,4.96557100855362,0.179111988385235
0.65,5.27868988233205,0.211126153627003
0.66,5.60976749848314,0.241967737319021
0.67,5.95961889717308,0.27170190823982
0.68,6.32908379422401,0.300389210431166
0.69,6.71902695498761,0.328085956542484
0.7,7.13033856821868,0.354844582465926
0.71,7.56393461994872,0.380713967568308
0.72,8.0207572673595,0.405739724293639
0.73,8.50177521265664,0.429964460449815
0.74,9.00798407694316,0.453428017094404
0.75,9.5404067740931,0.476167684588463
0.76,10.100093884625,0.498218399086473
0.77,10.6881240295757,0.519612921468233
0.78,11.3056042443736,0.540382000489685
0.79,11.9536703527125,0.560554521729436
0.8,12.633487340425,0.580157643732305
0.81,13.3462497293562,0.599216922597243
0.82,14.0931819512372,0.617756426121646
0.83,14.8755387215588,0.635798838494783
0.84,15.6946054134446,0.653365556427955
0.85,16.5516984315255,0.670476777516055
0.86,17.4481655858123,0.687151581542973
0.87,18.38538646557,0.703408005370477
0.88,19.3647728131907,0.71926311198547
0.89,20.3877688980678,0.734733054223136
0.9,21.4558518904695,0.74983313363227
0.91,22.5705322354118,0.764577854903565
0.92,23.7333540265327,0.778980976240915
0.93,24.9458953799656,0.793055556019486
0.94,26.2097688082126,0.806813996041741
0.95,27.5266215940186,0.820268081673531
0.96,28.8981361642443,0.833429019116203
0.97,30.3260304637403,0.84630747004723
0.98,31.8120583292201,0.858913583840779
0.99,33.3580098631344,0.871257027560646
1,34.965711807544,0.883347013900898
1.01,36.6370279179937,0.895192327234123
1.02,38.3738593373859,0.906801347913258
1.03,40.178144969854,0.918182074960389
1.04,42.0518618546363,0.929342147264507
1.05,43.997025539949,0.940288863399885
1.06,46.0156904568604,0.951029200167405
1.07,48.1099502931642,0.961569829952643
1.08,50.2819383672529,0.97191713698682
1.09,52.5338280019917,0.982077232589725
1.1,54.8678328985919,0.992055969467306
1.11,57.2862075104844,1.00185895513083
1.12,59.7912474171937,1.01149156449924
1.13,62.3852896982108,1.02095895174137
1.14,65.0707133068672,1.03026606141048
1.15,67.8499394442086,1.03941763891935
1.16,70.7254319328681,1.04841824040052
1.17,73.6996975909399,1.05727224199296
1.18,76.7752866058533,1.06598384859326
1.19,79.9547929082454,1.07455710210661
1.2,83.2408545458355,1.08299588923035
1.21,86.6361540572985,1.09130394880018
1.22,90.1434188461378,1.0994848787274
1.23,93.76542155456,1.10754214255289
1.24,97.5049804373474,1.1154790756424
1.25,101.364959735732,1.12329889104532
1.26,105.34827005127,1.13100468503807
1.27,109.457868719714,1.13859944237132
1.28,113.696760184887,1.14608604123945
1.29,118.067996372555,1.15346725798876
1.3,122.574677064305,1.16074577158043
1.31,127.21995027141,1.1679241678227
1.32,132.007012608713,1.17500494338602
1.33,136.939109668491,1.18199050961388
1.34,142.019536394337,1.18888319614128
1.35,147.251637455027,1.19568525433199
1.36,152.638807618396,1.20239886054486
1.37,158.184492125212,1.20902611923914
1.38,163.892187063051,1.21556906592776
1.39,169.765439740166,1.22202966998719
1.4,175.807849059365,1.2284098373318
1.41,182.023065891882,1.23471141296032
1.42,188.414793451254,1.24093618338132
1.43,194.986787667189,1.24708587892434
1.44,201.742857559444,1.25316217594296
1.45,208.686865611698,1.25916669891541
1.46,215.822728145423,1.26510102244842
1.47,223.154415693762,1.27096667318923
1.48,230.685953375397,1.27676513165077
1.49,238.421421268428,1.28249783395442
1.5,246.364954784243,1.28816617349465
1.51,254.520745041393,1.29377150252966
1.52,262.893039239465,1.29931513370167
1.53,271.486141032957,1.30479834149052
1.54,280.304410905149,1.31022236360393
1.55,289.352266541978,1.31558840230757
1.56,298.634183205912,1.32089762569801
1.57,308.154694109824,1.3261511689213
1.58,317.918390790864,1.33135013533982
1.59,327.929923484334,1.33649559765011
1.6,338.194001497559,1.34158859895381
1.61,348.715393583765,1.34663015378418
1.62,359.498928315948,1.35162124909018
1.63,370.54949446075,1.35656284518025
1.64,381.872041352334,1.36145587662754
1.65,393.471579266254,1.36630125313863
1.66,405.353179793329,1.37109986038715
1.67,417.521976213521,1.37585256081424
1.68,429.983163869805,1.38056019439711
1.69,442.742000542041,1.38522357938733
1.7,455.803806820851,1.38984351302019
1.71,469.173966481491,1.39442077219635
1.72,482.857926857726,1.39895611413721
1.73,496.8611992157,1.40345027701495
1.74,511.189359127814,1.40790398055855
1.75,525.848046846595,1.41231792663678
1.76,540.842967678577,1.41669279981913
1.77,556.179892358163,1.42102926791571
1.78,571.864657421511,1.42532798249702
1.79,587.9031655804,1.42958957939441
1.8,604.301386096103,1.43381467918212
1.81,621.065355153266,1.43800388764162
1.82,638.201176233777,1.44215779620909
1.83,655.715020490643,1.44627698240665
1.84,673.613127121859,1.4503620102581
1.85,691.901803744286,1.45441343068974
1.86,710.587426767522,1.45843178191698
1.87,729.676441767777,1.46241758981725
1.88,749.175363861747,1.46637136828979
1.89,769.090778080484,1.47029361960285
1.9,789.429339743275,1.47418483472889
1.91,810.19777483151,1.47804549366808
1.92,831.402880362559,1.48187606576078
1.93,853.051524763649,1.4856770099893
1.94,875.150648245727,1.48944877526938
1.95,897.707263177343,1.49319180073188
1.96,920.728454458522,1.49690651599494
1.97,944.221379894633,1.50059334142711
1.98,968.19327057027,1.50425268840163
1.99,992.651431223117,1.50788495954246
2,1017.60324061782,1.51149054896206
2.01,1.51506984249153,1043.0561519199
2.02,1.51862321790314,1069.01769306954
2.03,1.5221510451258,1095.49546715555
2.04,1.52565368645347,1122.49715278918
2.05,1.529131496747,1150.03050447805
2.06,1.53258482362948,1178.10335299995
2.07,1.53601400767544,1206.72360577677
2.08,1.53941938259408,1235.89924724836
2.09,1.54280127540677,1265.63833924639
2.1,1.54616000661899,1295.94902136825
2.11,1.54949589038699,1326.83951135089
2.12,1.55280923467927,1358.31810544471
2.13,1.55610034143311,1390.39317878746
2.14,1.55936950670634,1423.07318577805
2.15,1.56261702082449,1456.3666604505
2.16,1.56584316852348,1490.28221684774
2.17,1.56904822908807,1524.82854939554
2.18,1.57223247648609,1560.01443327637
2.19,1.57539617949878,1595.84872480323
2.2,1.57853960184717,1632.34036179361
2.21,1.58166300231479,1669.49836394326
2.22,1.58476663486679,1707.33183320016
2.23,1.58785074876555,1745.84995413833
2.24,1.59091558868297,1785.06199433171
2.25,1.5939613948095,1824.97730472808
2.26,1.59698840296003,1865.60532002289
2.27,1.59999684467677,1906.95555903312
2.28,1.60298694732921,1949.0376250712
2.29,1.60595893421118,1991.86120631887
2.3,1.60891302463528,2035.43607620103
2.31,1.6118494340246,2079.77209375962
2.32,1.61476837400186,2124.87920402753
2.33,1.61767005247612,2170.76743840242
2.34,1.62055467372709,2217.44691502064
2.35,1.62342243848707,2264.92783913106
2.36,1.62627354402072,2313.22050346899
2.37,1.62910818420257,2362.33528863002
2.38,1.63192654959252,2412.28266344389
2.39,1.63472882750921,2463.07318534841
2.4,1.63751520210151,2514.71750076326
2.41,1.64028585441799,2567.22634546395
2.42,1.64304096247466,2620.6105449556
2.43,1.6457807013208,2674.88101484691
2.44,1.64850524310314,2730.04876122394
2.45,1.6512147571283,2786.12488102407
2.46,1.65390940992365,2843.12056240979
2.47,1.65658936529649,2901.04708514266
2.48,1.65925478439183,2959.9158209571
2.49,1.66190582574856,3019.73823393433
2.5,1.66454264535424,3080.52588087621
2.51,1.66716539669848,3142.29041167911
2.52,1.66977423082496,3205.04356970781
2.53,1.6723692963821,3268.79719216934
2.54,1.67495073967253,3333.56321048688
2.55,1.67751870470121,3399.35365067364
2.56,1.68007333322245,3466.18063370668
2.57,1.68261476478568,3534.05637590086
2.58,1.68514313678015,3602.99318928266
2.59,1.68765858447846,3673.00348196406
2.6,1.69016124107909,3744.09975851644
2.61,1.69265123774782,3816.29462034441
2.62,1.6951287036582,3889.60076605974
2.63,1.697593766031,3964.0309918552
2.64,1.70004655017274,4039.5981918784
2.65,1.70248717951324,4116.31535860575
2.66,1.70491577564233,4194.19558321624
2.67,1.70733245834566,4273.2520559654
2.68,1.70973734563963,4353.49806655908
2.69,1.71213055380555,4434.94700452744
2.7,1.71451219742296,4517.6123595987
2.71,1.71688238940216,4601.50772207309
2.72,1.71924124101602,4686.64678319672
2.73,1.721588861931,4773.04333553541
2.74,1.72392536023749,4860.71127334864
2.75,1.72625084247945,4949.66459296333
2.76,1.72856541368332,5039.91739314776
2.77,1.73086917738635,5131.48387548549
2.78,1.73316223566418,5224.37834474913
2.79,1.73544468915793,5318.6152092743
2.8,1.73771663710051,5414.2089813335
2.81,1.73997817734251,5511.17427750988
2.82,1.74222940637737,5609.52581907127
2.83,1.74447041936607,5709.27843234394
2.84,1.74670131016126,5810.4470490865
2.85,1.74892217133079,5913.04670686381
2.86,1.75113309418082,6017.09254942079
2.87,1.75333416877837,6122.59982705637
2.88,1.75552548397336,6229.58389699727
2.89,1.75770712742017,6338.06022377198
2.9,1.75987918559883,6448.04437958455
2.91,1.76204174383557,6559.55204468851
2.92,1.76419488632311,6672.59900776069
2.93,1.76633869614039,6787.20116627518
2.94,1.76847325527193,6903.37452687712
2.95,1.7705986446268,7021.13520575663
2.96,1.77271494405709,7140.49942902262
2.97,1.77482223237614,7261.48353307677
2.98,1.77692058737621,7384.10396498728
2.99,1.77901008584596,7508.37728286283
3,1.78109080358741,7634.32015622642
3.01,1.78316281543265,7761.94936638924
3.02,1.78522619526015,7891.28180682458
3.03,1.78728101601075,8022.33448354164
3.04,1.78932734970332,8155.12451545946
3.05,1.7913652674501,8289.66913478079
3.06,1.79339483947172,8425.98568736588
3.07,1.79541613511195,8564.09163310652
3.08,1.79742922285206,8704.00454629974
3.09,1.799434170325,8845.74211602176
3.1,1.80143104432921,8989.32214650192
3.11,1.80341991084224,9134.76255749641
3.12,1.80540083503396,9282.08138466233
3.13,1.80737388127968,9431.29677993135
3.14,1.80933911317287,9582.42701188377
3.15,1.81129659353767,9735.49046612232
3.16,1.81324638444121,9890.50564564599
3.17,1.8151885472056,10047.4911712239
3.18,1.81712314241975,10206.4657817695
3.19,1.81905022995093,10367.4483347137
3.2,1.82096986895611,10530.4578063797
3.21,1.82288211789306,10695.5132923559
3.22,1.82478703453131,10862.6340078706
3.23,1.82668467596282,11031.8392881654
3.24,1.82857509861246,11203.1485888692
3.25,1.83045835824832,11376.5814863719
3.26,1.8323345099918,11552.1576781987
3.27,1.83420360832753,11729.8969833836
3.28,1.83606570711308,11909.8193428434
3.29,1.83792085958849,12091.9448197515
3.3,1.83976911838565,12276.2935999118
3.31,1.84161053553744,12462.8859921328
3.32,1.8434451624868,12651.7424286012
3.33,1.84527305009554,12842.8834652557
3.34,1.847094248653,13036.3297821611
3.35,1.84890880788462,13232.1021838824
3.36,1.85071677696029,13430.2215998578
3.37,1.85251820450254,13630.7090847736
3.38,1.85431313859461,13833.5858189375
3.39,1.85610162678838,14038.8731086526
3.4,1.85788371611214,14246.5923865912
3.41,1.85965945307819,14456.7652121689
3.42,1.8614288836904,14669.413271918
3.43,1.8631920534515,14884.558379862
3.44,1.86494900737033,15102.2224778891
3.45,1.86669978996897,15322.4276361261
3.46,1.86844444528969,15545.1960533122
3.47,1.87018301690177,15770.5500571732
3.48,1.8719155479083,15998.512104795
3.49,1.87364208095273,16229.1047829977
3.5,1.87536265822538,16462.3508087093
3.51,1.87707732146985,16698.2730293398
3.52,1.87878611198925,16936.894423155
3.53,1.88048907065238,17178.2380996501
3.54,1.8821862378998,17422.327299924
3.55,1.88387765374975,17669.1853970528
3.56,1.88556335780402,17918.8358964641
3.57,1.88724338925371,18171.3024363105
3.58,1.88891778688484,18426.6087878434
3.59,1.89058658908394,18684.7788557872
3.6,1.89224983384348,18945.8366787133
3.61,1.89390755876729,19209.8064294133
3.62,1.89555980107576,19476.7124152735
3.63,1.89720659761111,19746.5790786486
3.64,1.89884798484242,20019.4309972354
3.65,1.9004839988707,20295.2928844468
3.66,1.90211467543379,20574.1895897859
3.67,1.90374004991122,20856.1460992195
3.68,1.90536015732899,21141.187535552
3.69,1.90697503236424,21429.3391587996
3.7,1.90858470934992,21720.626366564
3.71,1.91018922227923,22015.0746944061
3.72,1.91178860481019,22312.70981622
3.73,1.91338289026996,22613.5575446072
3.74,1.91497211165922,22917.6438312497
3.75,1.91655630165634,23224.9947672847
3.76,1.91813549262166,23535.6365836781
3.77,1.91970971660153,23849.5956515982
3.78,1.92127900533238,24166.89848279
3.79,1.92284339024474,24487.5717299485
3.8,1.92440290246711,24811.6421870932
3.81,1.92595757282983,25139.1367899417
3.82,1.92750743186893,25470.0826162834
3.83,1.92905250982978,25804.5068863535
3.84,1.93059283667083,26142.4369632072
3.85,1.93212844206724,26483.9003530929
3.86,1.93365935541438,26828.9247058267
3.87,1.9351856058314,27177.537815166
3.88,1.93670722216467,27529.7676191832
3.89,1.93822423299116,27885.6422006401
3.9,1.9397366666218,28245.1897873613
3.91,1.94124455110479,28608.438752608
3.92,1.94274791422883,28975.4176154525
3.93,1.9442467835263,29346.1550411513
3.94,1.94574118627644,29720.6798415197
3.95,1.94723114950845,30099.020975305
3.96,1.9487167000045,30481.2075485607
3.97,1.95019786430278,30867.2688150206
3.98,1.95167466870043,31257.2341764724
3.99,1.95314713925648,31651.1331831313
4,1.9546153017947,32048.9955340145
4.01,1.95607918190646,32450.8510773147
4.02,1.95753880495345,32856.7298107739
4.03,1.95899419607053,33266.6618820576
4.04,1.96044538016832,33680.6775891282
4.05,1.96189238193595,34098.8073806194
4.06,1.96333522584366,34521.0818562098
4.07,1.96477393614535,34947.5317669967
4.08,1.96620853688118,35378.1880158701
4.09,1.96763905188005,35813.0816578864
4.1,1.9690655047621,36252.2439006429
4.11,1.97048791894111,36695.7061046507
4.12,1.97190631762694,37143.4997837091
4.13,1.97332072382787,37595.6566052798
4.14,1.97473116035296,38052.2083908601
4.15,1.97613764981433,38513.1871163571
4.16,1.97754021462943,38978.6249124617
4.17,1.97893887702328,39448.5540650222
4.18,1.98033365903069,39923.0070154185
4.19,1.98172458249838,40402.0163609356
4.2,1.98311166908718,40885.6148551376
4.21,1.98449494027411,41373.8354082419
4.22,1.98587441735446,41866.7110874925
4.23,1.98725012144385,42364.2751175344
4.24,1.98862207348024,42866.5608807871
4.25,1.98999029422594,43373.6019178187
4.26,1.99135480426957,43885.4319277198
4.27,1.992715624028,44402.084768477
4.28,1.99407277374824,44923.5944573472
4.29,1.99542627350938,45449.9951712313
4.3,1.99677614322438,45981.3212470483
4.31,1.99812240264196,46517.6071821085
4.32,1.99946507134838,47058.8876344883
4.33,2.00080416876923,47605.1974234033
4.34,2.00213971417119,48156.5715295825
4.35,2.00347172666377,48713.0450956425
4.36,2.00480022520101,49274.6534264606
4.37,2.00612522858318,49841.4319895494
4.38,2.00744675545844,50413.4164154301
4.39,2.00876482432449,50990.6424980071
4.4,2.01007945353018,51573.1461949409
4.41,2.0113906612771,52160.9636280229
4.42,2.01269846562122,52754.1310835485
4.43,2.01400288447434,53352.6850126918
4.44,2.01530393560573,53956.6620318788
4.45,2.01660163664359,54566.0989231614
4.46,2.01789600507656,55181.0326345913
4.47,2.01918705825517,55801.5002805943
4.48,2.02047481339336,56427.5391423436
4.49,2.02175928756984,57059.1866681338
4.5,2.02304049772958,57696.4804737549
4.51,2.02431846068515,58339.4583428664
4.52,2.02559319311813,58988.1582273706
4.53,2.02686471158049,59642.6182477867
4.54,2.02813303249589,60302.8766936252
4.55,2.02939817216106,60968.9720237608
4.56,2.03066014674707,61640.9428668075
4.57,2.03191897230066,62318.8280214909
4.58,2.03317466474548,63002.6664570236
4.59,2.03442723988339,63692.4973134782
4.6,2.03567671339566,64388.3599021614
4.61,2.03692310084425,65090.2937059879
4.62,2.03816641767299,65798.3383798542
4.63,2.0394066792088,66512.5337510127
4.64,2.04064390066283,67232.919819445
4.65,2.0418780971317,67959.5367582367
4.66,2.04310928359859,68692.4249139501
4.67,2.04433747493441,69431.6248069994
4.68,2.04556268589891,70177.1771320233
4.69,2.04678493114181,70929.1227582599
4.7,2.04800422520388,71687.5027299198
4.71,2.04922058251801,72452.3582665605
4.72,2.05043401741034,73223.7307634599
4.73,2.05164454410124,74001.6617919908
4.74,2.05285217670641,74786.1930999936
4.75,2.05405692923786,75577.3666121517
4.76,2.055258815605,76375.2244303639
4.77,2.05645784961557,77179.8088341193
4.78,2.05765404497669,77991.1622808709
4.79,2.05884741529578,78809.327406409
4.8,2.06003797408162,79634.3470252359
4.81,2.06122573474521,80466.2641309393
4.82,2.06241071060078,81305.1218965657
4.83,2.06359291486671,82150.9636749954
4.84,2.06477236066642,83003.8329993154
4.85,2.06594906102935,83863.7735831941
4.86,2.0671230288918,84730.8293212539
4.87,2.06829427709782,85605.0442894467
4.88,2.06946281840016,86486.4627454265
4.89,2.07062866546105,87375.1291289238
4.9,2.07179183085311,88271.0880621197
4.91,2.0729523270602,89174.3843500189
4.92,2.07411016647823,90085.0629808247
4.93,2.07526536141602,91003.169126312
4.94,2.07641792409609,91928.7481422018
4.95,2.0775678666555,92861.8455685343
4.96,2.07871520114662,93802.5071300437
4.97,2.07985993953795,94750.7787365315
4.98,2.08100209371486,95706.7064832404
4.99,2.08214167548041,96670.3366512282
5,2.08327869655609,97641.7157077418
5.01,2.08441316858257,98620.8903065913
5.02,2.08554510312045,99607.9072885234
5.03,2.086674511651,100602.813681595
5.04,2.08780140557689,101605.656701548
5.05,2.08892579622291,102616.483752183
5.06,2.09004769483667,103635.342425733
5.07,2.09116711258933,104662.280503235
5.08,2.09228406057626,105697.34595491
5.09,2.09339854981776,106740.586940528
5.1,2.09451059125972,107792.051809792
5.11,2.09562019577431,108851.789102703
5.12,2.09672737416062,109919.847549938
5.13,2.09783213714536,110996.276073224
5.14,2.09893449538345,112081.123785712
5.15,2.1000344594587,113174.439992349
5.16,2.10113203988447,114276.274190254
5.17,2.10222724710423,115386.676069089
5.18,2.10332009149226,116505.695511437
5.19,2.10441058335418,117633.382593173
5.2,2.10549873292763,118769.787583838
5.21,2.10658455038285,119914.960947012
5.22,2.10766804582324,121068.953340693
5.23,2.10874922928601,122231.815617664
5.24,2.10982811074269,123403.598825871
5.25,2.11090470009977,124584.354208796
5.26,2.11197900719923,125774.133205831
5.27,2.1130510418191,126972.987452651
5.28,2.11412081367405,128180.968781588
5.29,2.11518833241591,129398.129222007
5.3,2.11625360763422,130624.521000678
5.31,2.11731664885677,131860.196542148
5.32,2.11837746555014,133105.208469119
5.33,2.11943606712021,134359.60960282
5.34,2.12049246291272,135623.452963379
5.35,2.12154666221371,136896.791770201
5.36,2.12259867425013,138179.679442337
5.37,2.12364850819025,139472.169598862
5.38,2.12469617314421,140774.316059247
5.39,2.12574167816453,142086.172843733
5.4,2.12678503224655,143407.794173705
5.41,2.12782624432893,144739.234472065
5.42,2.12886532329415,146080.548363608
5.43,2.12990227796897,147431.790675395
5.44,2.13093711712489,148793.016437124
5.45,2.13196984947861,150164.280881508
5.46,2.13300048369252,151545.639444648
5.47,2.13402902837511,152937.147766405
5.48,2.13505549208145,154338.861690776
5.49,2.13607988331363,155750.837266264
5.5,2.13710221052119,157173.130746259
5.51,2.13812248210156,158605.798589404
5.52,2.13914070640049,160048.897459974
5.53,2.14015689171247,161502.484228249
5.54,2.14117104628116,162966.615970885
5.55,2.14218317829982,164441.349971293
5.56,2.14319329591169,165926.743720008
5.57,2.14420140721042,167422.854915064
5.58,2.14520752024049,168929.741462372
5.59,2.14621164299756,170447.461476087
5.6,2.14721378342892,171976.073278988
5.61,2.14821394943387,173515.635402847
5.62,2.14921214886407,175066.206588808
5.63,2.15020838952398,176627.845787757
5.64,2.15120267917121,178200.612160695
5.65,2.15219502551688,179784.565079116
5.66,2.15318543622605,181379.764125378
5.67,2.15417391891801,182986.269093078
5.68,2.15516048116674,184604.139987425
5.69,2.15614513050118,186233.437025614
5.7,2.15712787440564,187874.220637202
5.71,2.15810872032014,189526.551464477
5.72,2.15908767564079,191190.490362837
5.73,2.16006474772008,192866.098401163
5.74,2.16103994386728,194553.436862188
5.75,2.16201327134874,196252.567242877
5.76,2.16298473738825,197963.5512548
5.77,2.16395434916737,199686.4508245
5.78,2.16492211382577,201421.328093875
5.79,2.16588803846153,203168.245420546
5.8,2.1668521301315,204927.265378235
5.81,2.16781439585159,206698.450757133
5.82,2.16877484259709,208481.864564282
5.83,2.16973347730303,210277.570023941
5.84,2.17069030686443,212085.630577967
5.85,2.17164533813665,213906.109886182
5.86,2.17259857793566,215739.071826751
5.87,2.17355003303841,217584.580496556
5.88,2.17449971018304,219442.70021157
5.89,2.17544761606925,221313.495507226
5.9,2.17639375735856,223197.031138798
5.91,2.1773381406746,225093.372081769
5.92,2.17828077260342,227002.583532211
5.93,2.17922165969376,228924.730907153
5.94,2.18016080845734,230859.879844955
5.95,2.18109822536913,232808.096205688
5.96,2.18203391686762,234769.446071502
5.97,2.18296788935515,236743.995747002
5.98,2.18390014919811,238731.811759621
5.99,2.18483070272725,240732.960859996
6,2.18575955623795,242747.510022339
6.01,2.18668671599046,244775.526444813
6.02,2.18761218821019,246817.077549905
6.03,2.18853597908794,248872.230984801
6.04,2.18945809478021,250941.054621755
6.05,2.19037854140939,253023.616558473
6.06,2.19129732506405,255119.985118475
6.07,2.19221445179919,257230.228851478
6.08,2.19312992763647,259354.416533765
6.09,2.19404375856449,261492.617168559
6.1,2.19495595053898,263644.899986402
6.11,2.19586650948311,265811.334445521
6.12,2.19677544128766,267991.990232208
6.13,2.1976827518113,270186.937261191
6.14,2.19858844688083,272396.245676009
6.15,2.19949253229136,274619.985849385
6.16,2.20039501380661,276858.228383601
6.17,2.2012958971591,279111.044110871
6.18,2.20219518805035,281378.504093715
6.19,2.20309289215118,283660.679625334
6.2,2.20398901510187,285957.642229981
6.21,2.20488356251238,288269.463663337
6.22,2.20577653996261,290596.215912886
6.23,2.20666795300258,292937.971198289
6.24,2.20755780715266,295294.80197175
6.25,2.20844610790378,297666.780918403
6.26,2.20933286071764,300053.980956677
6.27,2.21021807102692,302456.47523867
6.28,2.21110174423548,304874.337150527
6.29,2.21198388571857,307307.640312811
6.3,2.21286450082302,309756.458580878
6.31,2.21374359486749,312220.86604525
6.32,2.21462117314259,314700.93703199
6.33,2.21549724091116,317196.746103074
6.34,2.21637180340839,319708.368056766
6.35,2.21724486584208,322235.877927995
6.36,2.21811643339279,324779.350988723
6.37,2.21898651121404,327338.862748322
6.38,2.21985510443252,329914.488953947
6.39,2.22072221814825,332506.305590914
6.4,2.22158785743476,335114.388883065
6.41,2.22245202733933,337738.815293152
6.42,2.2233147328831,340379.661523204
6.43,2.2241759790613,343037.004514902
6.44,2.2250357708434,345710.921449955
6.45,2.22589411317332,348401.489750474
6.46,2.22675101096958,351108.787079341
6.47,2.22760646912547,353832.891340591
6.48,2.22846049250926,356573.880679778
6.49,2.22931308596433,359331.833484352
6.5,2.23016425430937,362106.828384036
6.51,2.23101400233852,364898.944251195
6.52,2.23186233482156,367708.260201211
6.53,2.23270925650409,370534.855592859
6.54,2.23355477210766,373378.81002868
6.55,2.23439888632994,376240.203355353
6.56,2.2352416038449,379119.115664073
6.57,2.23608292930296,382015.627290917
6.58,2.23692286733115,384929.818817229
6.59,2.23776142253325,387861.771069984
6.6,2.23859859949,390811.565122167
6.61,2.23943440275918,393779.282293147
6.62,2.24026883687582,396765.004149047
6.63,2.24110190635234,399768.812503122
6.64,2.24193361567868,402790.789416131
6.65,2.24276396932248,405831.017196712
6.66,2.24359297172921,408889.578401754
6.67,2.24442062732232,411966.555836772
6.68,2.24524694050337,415062.03255628
6.69,2.24607191565224,418176.091864169
6.7,2.24689555712717,421308.817314074
6.71,2.247717869265,424460.292709752
6.72,2.24853885638125,427630.602105457
6.73,2.2493585227703,430819.829806311
6.74,2.25017687270548,434028.060368679
6.75,2.25099391043925,437255.378600543
6.76,2.25180964020335,440501.869561876
6.77,2.25262406620887,443767.618565015
6.78,2.25343719264646,447052.711175037
6.79,2.25424902368639,450357.23321013
6.8,2.25505956347875,453681.270741969
6.81,2.25586881615355,457024.910096088
6.82,2.25667678582083,460388.237852258
6.83,2.25748347657084,463771.340844854
6.84,2.25828889247411,467174.306163235
6.85,2.25909303758163,470597.221152116
6.86,2.25989591592494,474040.173411941
6.87,2.26069753151626,477503.250799255
6.88,2.26149788834864,480986.541427085
6.89,2.26229699039605,484490.133665306
6.9,2.26309484161352,488014.116141019
6.91,2.26389144593726,491558.577738922
6.92,2.26468680728478,495123.607601688
6.93,2.26548092955498,498709.295130338
6.94,2.26627381662833,502315.729984608
6.95,2.26706547236693,505943.002083335
6.96,2.26785590061467,509591.201604819
6.97,2.26864510519728,513260.418987205
6.98,2.26943308992253,516950.744928854
6.99,2.27021985858029,520662.270388715
7,2.27100541494265,524395.086586702
7.01,2.27178976276402,528149.285004067
7.02,2.27257290578128,531924.957383774
7.03,2.27335484771386,535722.195730869
7.04,2.27413559226386,539541.092312862
7.05,2.27491514311613,543381.739660092
7.06,2.27569350393844,547244.230566109
7.07,2.2764706783815,551128.658088039
7.08,2.27724667007916,555035.115546967
7.09,2.27802148264844,558963.696528306
7.1,2.27879511968967,562914.494882168
7.11,2.27956758478659,566887.604723745
7.12,2.28033888150644,570883.120433678
7.13,2.28110901340008,574901.136658433
7.14,2.28187798400207,578941.748310673
7.15,2.28264579683078,583005.050569632
7.16,2.28341245538852,587091.138881492
7.17,2.28417796316156,591200.108959752
7.18,2.28494232362032,595332.056785607
7.19,2.2857055402194,599487.07860832
7.2,2.28646761639771,603665.270945589
7.21,2.28722855557855,607866.730583936
7.22,2.28798836116972,612091.554579065
7.23,2.28874703656359,616339.840256246
7.24,2.28950458513722,620611.685210685
7.25,2.29026101025244,624907.187307899
7.26,2.29101631525594,629226.44468409
7.27,2.29177050347937,633569.555746516
7.28,2.29252357823941,637936.619173868
7.29,2.2932755428379,642327.733916647
7.3,2.29402640056189,646742.999197528
7.31,2.29477615468373,651182.514511744
7.32,2.29552480846119,655646.379627454
7.33,2.29627236513753,660134.694586118
7.34,2.29701882794157,664647.559702874
7.35,2.29776420008779,669185.075566907
7.36,2.29850848477645,673747.343041826
7.37,2.29925168519358,678334.463266036
7.38,2.29999380451119,682946.537653114
7.39,2.30073484588724,687583.667892184
7.4,2.3014748124658,692245.955948285
7.41,2.30221370737708,696933.504062749
7.42,2.30295153373756,701646.414753578
7.43,2.30368829465002,706384.790815809
7.44,2.30442399320367,711148.735321898
7.45,2.30515863247419,715938.351622085
7.46,2.30589221552383,720753.743344777
7.47,2.30662474540148,725595.014396912
7.48,2.30735622514277,730462.268964339
7.49,2.3080866577701,735355.611512192
7.5,2.30881604629278,740275.146785261
7.51,2.30954439370703,745220.979808367
7.52,2.31027170299615,750193.21588674
7.53,2.3109979771305,755191.960606383
7.54,2.31172321906764,760217.319834456
7.55,2.31244743175237,765269.399719645
7.56,2.31317061811684,770348.306692537
7.57,2.31389278108057,775454.147465991
7.58,2.31461392355058,780587.029035518
7.59,2.3153340484214,785747.05867965
7.6,2.3160531585752,790934.343960314
7.61,2.31677125688184,796148.992723208
7.62,2.31748834619892,801391.113098174
7.63,2.31820442937188,806660.813499572
7.64,2.31891950923404,811958.202626653
7.65,2.3196335886067,817283.389463933
7.66,2.3203466702992,822636.483281569
7.67,2.32105875710896,828017.593635731
7.68,2.32176985182158,833426.830368975
7.69,2.3224799572109,838864.30361062
7.7,2.32318907603906,844330.123777118
7.71,2.32389721105657,849824.401572428
7.72,2.32460436500237,855347.247988398
7.73,2.32531054060391,860898.774305126
7.74,2.32601574057718,866479.092091344
7.75,2.32671996762683,872088.313204786
7.76,2.32742322444619,877726.549792567
7.77,2.32812551371734,883393.914291552
7.78,2.32882683811117,889090.519428732
7.79,2.32952720028749,894816.478221599
7.8,2.330226602895,900571.903978516
7.81,2.33092504857144,906356.910299096
7.82,2.33162253994361,912171.611074574
7.83,2.33231907962744,918016.120488176
7.84,2.33301467022803,923890.553015503
7.85,2.33370931433974,929795.023424895
7.86,2.33440301454623,935729.64677781
7.87,2.33509577342053,941694.538429196
7.88,2.33578759352509,947689.814027867
7.89,2.33647847741185,953715.589516876
7.9,2.33716842762228,959771.981133884
7.91,2.33785744668745,965859.105411543
7.92,2.33854553712809,971977.079177865
7.93,2.33923270145464,978126.019556593
7.94,2.33991894216729,984306.04396758
7.95,2.34060426175608,990517.27012716
7.96,2.3412886627009,996759.816048523
7.97,2.34197214747161,1003033.80004208
7.98,2.34265471852802,1009339.34071587
7.99,2.34333637832001,1015676.55697589
8,2.34401712928755,1022045.56802648
8.01,2.34469697386075,1028446.49337072
8.02,2.34537591445993,1034879.45281079
8.02999999999999,2.34605395349567,1041344.56644833
8.04,2.34673109336887,1047841.95468485
8.05,2.34740733647076,1054371.73822204
8.06,2.34808268518301,1060934.03806223
8.07,2.34875714187775,1067528.97550868
8.08,2.34943070891761,1074156.67216603
8.09,2.35010338865581,1080817.2499406
8.1,2.35077518343617,1087510.83104081
8.10999999999999,2.35144609559318,1094237.53797757
8.12,2.35211612745205,1100997.49356459
8.13,2.35278528132876,1107790.82091882
8.14,2.3534535595301,1114617.64346077
8.15,2.35412096435373,1121478.08491493
8.16,2.3547874980882,1128372.26931011
8.17,2.35545316301306,1135300.32097984
8.18,2.35611796139883,1142262.36456272
8.19,2.35678189550712,1149258.52500281
8.19999999999999,2.35744496759061,1156288.92755
8.21,2.35810717989316,1163353.69776037
8.22,2.3587685346498,1170452.96149659
8.23,2.35942903408682,1177586.84492827
8.24,2.36008868042181,1184755.47453236
8.25,2.36074747586367,1191958.9770935
8.26,2.36140542261268,1199197.47970438
8.27,2.36206252286057,1206471.10976618
8.27999999999999,2.36271877879051,1213779.99498885
8.29,2.36337419257722,1221124.26339158
8.3,2.36402876638693,1228504.0433031
8.31,2.36468250237753,1235919.46336208
8.32,2.36533540269849,1243370.65251751
8.33,2.36598746949104,1250857.74002908
8.34,2.36663870488808,1258380.85546753
8.35,2.36728911101432,1265940.12871504
8.35999999999999,2.36793868998629,1273535.68996561
8.37,2.36858744391235,1281167.6697254
8.38,2.36923537489279,1288836.19881315
8.39,2.36988248501984,1296541.40836052
8.4,2.37052877637769,1304283.4298125
8.41,2.37117425104259,1312062.39492772
8.42,2.37181891108283,1319878.4357789
8.43,2.37246275855882,1327731.68475317
8.44,2.37310579552311,1335622.27455246
8.44999999999999,2.37374802402046,1343550.33819388
8.46,2.37438944608782,1351516.0090101
8.47,2.37503006375444,1359519.42064969
8.48,2.37566987904185,1367560.70707754
8.49,2.37630889396395,1375640.0025752
8.5,2.37694711052701,1383757.44174126
8.51,2.37758453072972,1391913.15949173
8.52,2.37822115656323,1400107.29106043
8.52999999999999,2.37885699001122,1408339.97199932
8.54,2.37949203304985,1416611.33817892
8.55,2.38012628764791,1424921.52578866
8.56,2.38075975576678,1433270.67133725
8.57,2.38139243936047,1441658.91165307
8.58,2.3820243403757,1450086.38388454
8.59,2.38265546075191,1458553.22550047
8.6,2.38328580242129,1467059.57429047
8.60999999999999,2.38391536730884,1475605.56836531
8.62,2.38454415733237,1484191.34615728
8.63,2.38517217440257,1492817.04642058
8.64,2.38579942042303,1501482.8082317
8.65,2.38642589729029,1510188.77098975
8.66,2.38705160689383,1518935.07441691
8.67,2.38767655111618,1527721.85855873
8.68,2.38830073183288,1536549.26378455
8.69,2.38892415091255,1545417.43078784
8.7,2.38954681021695,1554326.50058662
8.71,2.39016871160094,1563276.61452378
8.72,2.3907898569126,1572267.9142675
8.73,2.3914102479932,1581300.54181159
8.74,2.39202988667726,1590374.63947588
8.75,2.39264877479257,1599490.34990659
8.76,2.39326691416025,1608647.81607673
8.77,2.39388430659475,1617847.1812864
8.77999999999999,2.39450095390392,1627088.58916327
8.79,2.39511685788898,1636372.18366285
8.8,2.39573202034463,1645698.10906894
8.81,2.39634644305901,1655066.50999396
8.82,2.3969601278138,1664477.53137935
8.83,2.3975730763842,1673931.31849592
8.84,2.39818529053897,1683428.01694425
8.85,2.39879677204047,1692967.77265505
8.85999999999999,2.39940752264472,1702550.7318895
8.87,2.40001754410137,1712177.04123972
8.88,2.40062683815377,1721846.84762902
8.89,2.401235406539,1731560.29831238
8.9,2.40184325098788,1741317.54087676
8.91,2.40245037322502,1751118.72324149
8.92,2.40305677496885,1760963.99365867
8.93,2.40366245793164,1770853.50071349
8.94,2.40426742381951,1780787.39332466
8.95,2.40487167433251,1790765.82074476
8.96,2.40547521116461,1800788.93256058
8.97,2.40607803600374,1810856.87869356
8.98,2.40668015053181,1820969.80940012
8.99,2.40728155642475,1831127.87527206
9,2.40788225535256,1841331.22723688
9.01,2.40848224897927,1851580.01655823
9.02,2.40908153896305,1861874.39483623
9.02999999999999,2.40968012695618,1872214.51400787
9.04,2.4102780146051,1882600.52634735
9.05,2.41087520355045,1893032.58446651
9.06,2.41147169542705,1903510.84131515
9.07,2.41206749186401,1914035.45018143
9.08,2.41266259448465,1924606.56469224
9.09,2.41325700490664,1935224.33881358
9.1,2.41385072474193,1945888.92685091
9.10999999999999,2.41444375559682,1956600.48344957
9.12,2.41503609907203,1967359.1635951
9.13,2.41562775676262,1978165.12261365
9.14,2.41621873025811,1989018.51617232
9.15,2.41680902114248,1999919.5002796
9.16,2.41739863099416,2010868.23128566
9.17,2.41798756138611,2021864.86588279
9.18,2.41857581388582,2032909.56110574
9.19,2.41916339005531,2044002.4743321
9.2,2.41975029145121,2055143.76328267
9.21,2.42033651962475,2066333.58602184
9.22,2.42092207612177,2077572.10095799
9.23,2.4215069624828,2088859.46684381
9.24,2.42209118024302,2100195.8427767
9.25,2.42267473093234,2111581.38819916
9.26,2.42325761607538,2123016.26289915
9.27,2.42383983719152,2134500.62701046
9.27999999999999,2.42442139579494,2146034.64101307
9.29,2.42500229339458,2157618.46573356
9.3,2.42558253149425,2169252.26234546
9.31,2.42616211159258,2180936.19236962
9.32,2.42674103518308,2192670.41767462
9.33,2.42731930375417,2204455.10047708
9.34,2.42789691878918,2216290.40334209
9.35,2.42847388176637,2228176.48918356
9.35999999999999,2.429050194159,2240113.5212646
9.37,2.42962585743529,2252101.6631979
9.38,2.43020087305849,2264141.07894607
9.39,2.43077524248687,2276231.93282206
9.4,2.43134896717378,2288374.38948951
9.41,2.43192204856761,2300568.61396313
9.42,2.43249448811191,2312814.77160907
9.43,2.4330662872453,2325113.02814528
9.44,2.43363744740158,2337463.54964193
9.45,2.4342079700097,2349866.50252172
9.46,2.43477785649382,2362322.0535603
9.47,2.43534710827328,2374830.36988664
9.48,2.4359157267627,2387391.61898337
9.49,2.4364837133719,2400005.96868722
9.5,2.43705106950603,2412673.58718931
9.51,2.43761779656549,2425394.64303558
9.52,2.43818389594604,2438169.30512715
9.52999999999999,2.43874936903874,2450997.74272071
9.54,2.43931421723004,2463880.12542886
9.55,2.43987844190175,2476816.62322049
9.56,2.44044204443111,2489807.4064212
9.57,2.44100502619075,2502852.6457136
9.58,2.44156738854876,2515952.51213776
9.59,2.44212913286869,2529107.17709153
9.6,2.44269026050957,2542316.81233092
9.60999999999999,2.44325077282593,2555581.5899705
9.62,2.44381067116782,2568901.68248375
9.63,2.44436995688086,2582277.26270345
9.64,2.4449286313062,2595708.50382205
9.65,2.44548669578057,2609195.57939203
9.66,2.44604415163634,2622738.66332627
9.67,2.44660100020145,2636337.92989848
9.68,2.44715724279952,2649993.5537435
9.69,2.4477128807498,2663705.7098577
9.7,2.44826791536725,2677474.5735994
9.71,2.44882234796248,2691300.32068914
9.72,2.44937617984187,2705183.12721018
9.73,2.4499294123075,2719123.16960878
9.74,2.45048204665721,2733120.6246946
9.75,2.45103408418461,2747175.66964111
9.76,2.45158552617911,2761288.48198588
9.77,2.45213637392592,2775459.23963107
9.77999999999999,2.45268662870608,2789688.12084369
9.79,2.45323629179646,2803975.30425605
9.8,2.45378536446982,2818320.9688661
9.81,2.45433384799479,2832725.29403782
9.82,2.45488174363588,2847188.45950157
9.83,2.45542905265355,2861710.64535449
9.84,2.45597577630416,2876292.03206088
9.85,2.45652191584004,2890932.80045252
9.85999999999999,2.4570674725095,2905633.13172912
9.87,2.45761244755681,2920393.20745864
9.88,2.45815684222226,2935213.20957767
9.89,2.45870065774215,2950093.32039182
9.9,2.45924389534884,2965033.72257609
9.91,2.45978655627072,2980034.59917524
9.92,2.46032864173226,2995096.13360417
9.93,2.46087015295403,3010218.50964828
9.94,2.46141109115268,3025401.91146385
9.95,2.46195145754101,3040646.52357843
9.96,2.46249125332794,3055952.53089118
9.97,2.46303047971856,3071320.11867329
9.98,2.46356913791411,3086749.47256832
9.99,2.46410722911203,3102240.77859256
10,2.46464475450597,3117794.22313544
