0.01,0.333415596297487,-15.2489745978745
0.02,0.333662581565939,-7.51132430979023
0.03,0.334074887613493,-4.93306665457044
0.04,0.33465354305429,-3.64232154535192
0.05,0.335400053376002,-2.86593616536527
0.06,0.336316466367707,-2.34648695111127
0.07,0.337405456241447,-1.97375037588114
0.08,0.338670426447457,-1.69265668946344
0.09,0.34011563118308,-1.47263141706624
0.1,0.341746315595358,-1.29534008554301
0.11,0.343568874677298,-1.14912090501229
0.12,0.345591030857824,-1.02620257016215
0.13,0.3478220302854,-0.921206864632952
0.14,0.350272857805342,-0.830293376540522
0.15,0.352956470630795,-0.750646530978768
0.16,0.355888050707404,-0.680155101894982
0.17,0.35908527577165,-0.617204906800886
0.18,0.362568609102872,-0.560540645853878
0.19,0.366361607968969,-0.509171397575232
0.2,0.370491250765779,-0.462304483195108
0.21,0.37498828285013,-0.419298238313929
0.22,0.379887581066583,-0.379627672662342
0.23,0.385228536967843,-0.342859093377212
0.24,0.391055458728852,-0.308631076031043
0.25,0.397417991754565,-0.276640005098308
0.26,0.404371557981396,-0.246628952979562
0.27,0.411977813872351,-0.218379031584154
0.28,0.420305127105834,-0.191702598018894
0.29,0.429429071958138,-0.166437866618582
0.3,0.439432943379607,-0.142444599014106
2,1.29474813319408,1691.25929365068
2.01,1.30079717244555,1742.29280152145
2.02,1.30684094253557,1794.60573395262
2.03,1.31287950923683,1848.22365985876
2.04,1.31891293711758,1903.17252993559
2.05,1.32494128957001,1959.47868044551
2.06,1.33096462883783,2017.16883702173
2.07,1.33698301604306,2076.27011849114
2.08,1.34299651121206,2136.81004071584
2.09,1.34900517330082,2198.81652045344
2.1,1.35500906021954,2262.31787923592
2.11,1.36100822885658,2327.34284726734
2.12,1.36700273510165,2393.9205673401
2.13,1.37299263386845,2462.08059877
2.14,1.37897797911663,2531.85292134994
2.15,1.38495882387316,2603.26793932234
2.16,1.39093522025318,2676.3564853702
2.17,1.39690721948016,2751.14982462695
2.18,1.40287487190566,2827.67965870489
2.19,1.40883822702846,2905.97812974241
2.2,1.4147973335132,2986.07782446983
2.21,1.42075223920858,3068.011778294
2.22,1.42670299116499,3151.81347940154
2.23,1.43264963565174,3237.51687288081
2.24,1.43859221817383,3325.15636486254
2.25,1.44453078348826,3414.76682667919
2.26,1.45046537561994,3506.38359904301
2.27,1.45639603787717,3600.04249624272
2.28,1.46232281286675,3695.77981035897
2.29,1.46824574250865,3793.63231549845
2.3,1.47416486805038,3893.63727204668
2.31,1.48008023008094,3995.83243093957
2.32,1.48599186854443,4100.25603795356
2.33,1.49189982275331,4206.94683801455
2.34,1.49780413140137,4315.94407952547
2.35,1.50370483257635,4427.28751871257
2.36,1.50960196377219,4541.01742399038
2.37,1.5154955619011,4657.1745803454
2.38,1.52138566330521,4775.80029373842
2.39,1.52727230376803,4896.93639552566
2.4,1.53315551852557,5020.62524689838
2.41,1.53903534227721,5146.9097433415
2.42,1.5449118091963,5275.83331911055
2.43,1.55078495294053,5407.43995172765
2.44,1.55665480666205,5541.77416649594
2.45,1.56252140301726,5678.88104103287
2.46,1.56838477417654,5818.80620982202
2.47,1.57424495183357,5961.5958687838
2.48,1.58010196721453,6107.29677986468
2.49,1.58595585108711,6255.95627564521
2.5,1.59180663376919,6407.6222639667
2.51,1.59765434513745,6562.34323257662
2.52,1.60349901463569,6720.16825379261
2.53,1.60934067128301,6881.14698918535
2.54,1.61517934368176,7045.32969427989
2.55,1.62101506002536,7212.76722327595
2.56,1.62684784810589,7383.51103378661
2.57,1.63267773532153,7557.61319159601
2.58,1.63850474868385,7735.12637543546
2.59,1.6443289148249,7916.10388177844
2.6,1.65015026000415,8100.59962965418
2.61,1.65596881011532,8288.66816547999
2.62,1.66178459069298,8480.36466791231
2.63,1.66759762691909,8675.74495271633
2.64,1.6734079436293,8874.86547765448
2.65,1.67921556531919,9077.78334739345
2.66,1.68502051615036,9284.55631842999
2.67,1.69082281995635,9495.24280403542
2.68,1.69662250024845,9709.90187921878
2.69,1.70241958022142,9928.59328570867
2.7,1.70821408275901,10151.3774369538
2.71,1.71400603043945,10378.3154231424
2.72,1.71979544554077,10609.46901624
2.73,1.72558235004597,10844.900675046
2.74,1.73136676564821,11084.6735502693
2.75,1.73714871375573,11328.8514896219
2.76,1.74292821549678,11577.4990429321
2.77,1.74870529172439,11830.6814672756
2.78,1.75447996302111,12088.4647321256
2.79,1.76025224970351,12350.9155245218
2.8,1.76602217182677,12618.1012542578
2.81,1.77178974918903,12890.0900590871
2.82,1.7775550013357,13166.9508099485
2.83,1.78331794756373,13448.7531162089
2.84,1.78907860692569,13735.5673309265
2.85,1.79483699823387,14027.4645561307
2.86,1.80059314006422,14324.5166481229
2.87,1.80634705076025,14626.7962227939
2.88,1.81209874843686,14934.3766609614
2.89,1.81784825098405,15247.3321137257
2.9,1.8235955760706,15565.7375078442
2.91,1.82934074114764,15889.6685511243
2.92,1.83508376345221,16219.2017378353
2.93,1.84082466001062,16554.4143541391
2.94,1.84656344764194,16895.3844835392
2.95,1.85230014296123,17242.1910123486
2.96,1.85803476238282,17594.9136351766
2.97,1.8637673221235,17953.6328604338
2.98,1.86949783820561,18318.4300158563
2.99,1.87522632646016,18689.3872540484
3,1.88095280252978,19066.5875580437
3.01,1.8866772818717,19450.1147468854
3.02,1.89239977976059,19840.0534812252
3.03,1.89812031129148,20236.4892689401
3.04,1.90383889138245,20639.5084707694
3.05,1.90955553477742,21049.1983059691
3.06,1.91527025604877,21465.6468579851
3.07,1.92098306960003,21888.9430801463
3.08,1.92669398966842,22319.1768013745
3.09,1.93240303032735,22756.4387319148
3.1,1.93811020548896,23200.8204690838
3.11,1.94381552890653,23652.4145030359
3.12,1.94951901417685,24111.31422255
3.13,1.95522067474258,24577.6139208332
3.14,1.96092052389456,25051.4088013441
3.15,1.96661857477406,25532.7949836345
3.16,1.97231484037502,26021.8695092101
3.17,1.97800933354617,26518.7303474092
3.18,1.98370206699325,27023.4764013013
3.19,1.98939305328106,27536.2075136026
3.2,1.9950823048355,28057.0244726125
3.21,2.00076983394567,28586.0290181663
3.22,2.00645565276578,29123.3238476087
3.23,2.01213977331718,29669.0126217848
3.24,2.01782220749019,30223.1999710501
3.25,2.02350296704607,30785.9915012992
3.26,2.0291820636188,31357.4938000135
3.27,2.03485950871696,31937.8144423267
3.28,2.04053531372549,32527.0619971103
3.29,2.04620948990741,33125.3460330765
3.3,2.05188204840562,33732.7771249009
3.31,2.05755300024452,34349.4668593626
3.32,2.06322235633173,34975.5278415047
3.33,2.0688901274597,35611.0737008121
3.34,2.07455632430732,36256.2190974082
3.35,2.0802209574415,36911.0797282711
3.36,2.08588403731875,37575.7723334675
3.37,2.09154557428666,38250.414702406
3.38,2.09720557858543,38935.1256801086
3.39,2.10286406034936,39630.0251735015
3.4,2.10852102960827,40335.2341577236
3.41,2.11417649628894,41050.874682455
3.42,2.1198304702165,41777.0698782631
3.43,2.12548296111584,42513.9439629679
3.44,2.13113397861295,43261.6222480256
3.45,2.13678353223621,44020.231144932
3.46,2.14243163141779,44789.8981716427
3.47,2.14807828549486,45570.7519590139
3.48,2.15372350371089,46362.9222572608
3.49,2.15936729521689,47166.5399424347
3.5,2.16500966907268,47981.7370229195
3.51,2.170650634248,48808.6466459461
3.52,2.1762901996238,49647.4031041262
3.53,2.18192837399334,50498.1418420041
3.54,2.18756516606337,51360.9994626273
3.55,2.19320058445526,52236.1137341369
3.56,2.1988346377061,53123.6235963749
3.57,2.20446733426978,54023.6691675117
3.58,2.21009868251811,54936.3917506914
3.59,2.21572869074184,55861.9338406962
3.6,2.22135736715174,56800.4391306293
3.61,2.22698471987957,57752.0525186168
3.62,2.23261075697915,58716.9201145278
3.63,2.23823548642732,59695.1892467137
3.64,2.24385891612491,60687.0084687658
3.65,2.24948105389775,61692.5275662919
3.66,2.25510190749757,62711.8975637113
3.67,2.26072148460293,63745.2707310689
3.68,2.26633979282021,64792.8005908674
3.69,2.27195683968441,65854.6419249186
3.7,2.27757263266012,66930.9507812138
3.71,2.28318717914236,68021.8844808117
3.72,2.28880048645747,69127.6016247462
3.73,2.29441256186393,70248.2621009523
3.74,2.30002341255321,71384.0270912107
3.75,2.30563304565059,72535.0590781113
3.76,2.311241468216,73701.5218520352
3.77,2.31684868724477,74883.5805181558
3.78,2.32245470966844,76081.4015034577
3.79,2.32805954235557,77295.1525637752
3.8,2.33366319211245,78525.0027908495
3.81,2.33926566568387,79771.1226194034
3.82,2.34486696975388,81033.6838342364
3.83,2.3504671109465,82312.8595773372
3.84,2.35606609582644,83608.8243550156
3.85,2.36166393089983,84921.7540450525
3.86,2.36726062261488,86251.8259038691
3.87,2.37285617736261,87599.2185737146
3.88,2.37845060147749,88964.1120898727
3.89,2.38404390123815,90346.6878878868
3.9,2.38963608286798,91747.1288108033
3.91,2.39522715253585,93165.6191164347
3.92,2.40081711635668,94602.3444846402
3.93,2.40640598039211,96057.4920246265
3.94,2.41199375065113,97531.2502822651
3.95,2.41758043309064,99023.8092474308
3.96,2.42316603361611,100535.360361356
3.97,2.42875055808215,102066.096524009
3.98,2.43433401229308,103616.212101482
3.99,2.43991640200355,105185.902933407
4,2.44549773291905,106775.366340387
4.01,2.45107801069654,108384.80113144
4.02,2.45665724094494,110014.407611476
4.03,2.46223542922571,111664.387588775
4.04,2.46781258105339,113334.944382499
4.05,2.47338870189611,115026.282830212
4.06,2.47896379717613,116738.609295424
4.07,2.48453787227035,118472.131675155
4.08,2.49011093251081,120227.059407512
4.09,2.4956829831852,122003.60347929
4.1,2.50125402953736,123801.976433588
4.11,2.50682407676776,125622.392377448
4.12,2.51239313003398,127465.066989508
4.13,2.51796119445117,129330.217527674
4.14,2.52352827509256,131218.062836818
4.15,2.52909437698987,133128.823356484
4.16,2.53465950513381,135062.72112862
4.17,2.54022366447449,137019.979805325
4.18,2.54578685992189,139000.824656619
4.19,2.55134909634629,141005.482578227
4.2,2.5569103785787,143034.182099384
4.21,2.56247071141127,145087.153390657
4.22,2.56803009959773,147164.62827179
4.23,2.5735885478538,149266.840219561
4.24,2.5791460608576,151394.024375665
4.25,2.58470264325002,153546.41755461
4.26,2.59025829963518,155724.258251632
4.27,2.59581303458077,157927.786650637
4.28,2.60136685261845,160157.244632147
4.29,2.60691975824423,162412.875781277
4.3,2.61247175591888,164694.925395728
4.31,2.61802285006825,167003.640493795
4.32,2.62357304508366,169339.269822395
4.33,2.62912234532227,171702.063865116
4.34,2.63467075510745,174092.274850286
4.35,2.64021827872907,176510.156759052
4.36,2.64576492044394,178955.965333489
4.37,2.65131068447607,181429.958084719
4.38,2.65685557501705,183932.394301056
4.39,2.66239959622641,186463.53505616
4.4,2.66794275223187,189023.643217222
4.41,2.67348504712977,191612.983453156
4.42,2.6790264849853,194231.822242816
4.43,2.68456706983288,196880.427883235
4.44,2.69010680567644,199559.070497871
4.45,2.69564569648974,202268.022044885
4.46,2.70118374621668,205007.556325428
4.47,2.70672095877161,207777.948991952
4.48,2.71225733803961,210579.477556538
4.49,2.71779288787679,213412.421399241
4.5,2.7233276121106,216277.061776459
4.51,2.72886151454007,219173.681829313
4.52,2.73439459893617,222102.566592053
4.53,2.739926869042,225064.003000478
4.54,2.74545832857315,228058.279900375
4.55,2.75098898121792,231085.688055981
4.56,2.7565188306376,234146.520158459
4.57,2.76204788046676,237241.070834393
4.58,2.76757613431348,240369.636654305
4.59,2.77310359575964,243532.516141187
4.6,2.77863026836115,246730.009779055
4.61,2.78415615564824,249962.420021519
4.62,2.78968126112566,253230.051300372
4.63,2.79520558827298,256533.210034201
4.64,2.80072914054479,259872.204637011
4.65,2.80625192137098,263247.345526875
4.66,2.81177393415696,266658.945134592
4.67,2.81729518228389,270107.317912378
4.68,2.82281566910891,273592.78034256
4.69,2.82833539796542,277115.650946304
4.7,2.83385437216322,280676.25029235
4.71,2.83937259498881,284274.90100577
4.72,2.8448900697056,287911.927776745
4.73,2.85040679955408,291587.657369365
4.74,2.8559227877521,295302.418630433
4.75,2.86143803749504,299056.542498308
4.76,2.86695255195605,302850.362011751
4.77,2.87246633428624,306684.212318797
4.78,2.8779793876149,310558.430685643
4.79,2.8834917150497,314473.356505554
4.8,2.88900331967689,318429.331307793
4.81,2.8945142045615,322426.698766565
4.82,2.90002437274754,326465.804709975
4.83,2.9055338272582,330546.997129021
4.84,2.91104257109601,334670.626186583
4.85,2.9165506072431,338837.044226453
4.86,2.92205793866132,343046.605782366
4.87,2.92756456829245,347299.667587062
4.88,2.9330704990584,351596.588581358
4.89,2.93857573386136,355937.729923247
4.9,2.94408027558403,360323.454997006
4.91,2.94958412708973,364754.129422332
4.92,2.95508729122263,369230.121063488
4.93,2.96058977080792,373751.800038479
4.94,2.96609156865193,378319.538728233
4.95,2.97159268754238,382933.711785814
4.96,2.97709313024848,387594.69614564
4.97,2.98259289952114,392302.871032733
4.98,2.98809199809309,397058.617971982
4.99,2.9935904286791,401862.320797419
5,2.99908819397608,406714.365661522
5.01,3.0045852966633,411615.141044538
5.02,3.0100817394025,416565.037763812
5.03,3.01557752483805,421564.448983151
5.04,3.02107265559714,426613.770222195
5.05,3.02656713428988,431713.399365809
5.06,3.0320609635095,436863.736673501
5.07,3.03755414583246,442065.184788847
5.08,3.04304668381862,447318.148748944
5.09,3.04853858001137,452623.035993877
5.1,3.0540298369378,457980.256376209
5.11,3.05952045710881,463390.222170478
5.12,3.06501044301925,468853.348082735
5.13,3.07049979714811,474370.051260076
5.14,3.07598852195859,479940.751300208
5.15,3.08147661989828,485565.870261029
5.16,3.08696409339928,491245.832670227
5.17,3.09245094487834,496981.065534901
5.18,3.09793717673699,502771.998351191
5.19,3.10342279136164,508619.06311394
5.2,3.10890779112377,514522.694326362
5.21,3.11439217838001,520483.329009741
5.22,3.11987595547228,526501.406713137
5.23,3.12535912472792,532577.369523121
5.24,3.1308416884598,538711.662073516
5.25,3.13632364896645,544904.731555174
5.26,3.14180500853219,551157.027725756
5.27,3.14728576942725,557469.002919537
5.28,3.15276593390785,563841.112057231
5.29,3.15824550421638,570273.812655837
5.3,3.16372448258146,576767.564838492
5.31,3.16920287121809,583322.831344355
5.32,3.17468067232774,589940.077538506
5.33,3.18015788809849,596619.771421863
5.34,3.18563452070512,603362.383641113
5.35,3.1911105723092,610168.387498674
5.36,3.19658604505926,617038.258962661
5.37,3.20206094109085,623972.476676884
5.38,3.20753526252663,630971.521970851
5.39,3.21300901147655,638035.878869806
5.4,3.21848219003787,645166.034104772
5.41,3.22395480029533,652362.477122611
5.42,3.22942684432119,659625.700096125
5.43,3.2348983241754,666956.197934148
5.44,3.24036924190565,674354.468291669
5.45,3.24583959954748,681821.011579979
5.46,3.25130939912438,689356.330976826
5.47,3.25677864264791,696960.932436599
5.48,3.26224733211776,704635.324700518
5.49,3.26771546952186,712380.019306856
5.5,3.27318305683649,720195.530601174
5.51,3.27865009602633,728082.375746568
5.52,3.28411658904462,736041.07473395
5.53,3.28958253783319,744072.150392334
5.54,3.29504794432257,752176.128399141
5.55,3.3005128104321,760353.537290539
5.56,3.30597713806999,768604.908471782
5.57,3.31144092913342,776930.776227573
5.58,3.31690418550864,785331.677732454
5.59,3.32236690907102,793808.153061211
5.6,3.32782910168518,802360.745199289
5.61,3.33329076520504,810990.000053232
5.62,3.33875190147392,819696.466461153
5.63,3.34421251232463,828480.696203199
5.64,3.34967259957952,837343.244012055
5.65,3.35513216505061,846284.667583457
5.66,3.36059121053962,855305.527586725
5.67,3.36604973783808,864406.387675317
5.68,3.3715077487274,873587.8144974
5.69,3.37696524497897,882850.37770644
5.7,3.38242222835417,892194.649971811
5.71,3.38787870060455,901621.206989419
5.72,3.39333466347181,911130.627492354
5.73,3.39879011868793,920723.493261552
5.74,3.40424506797522,930400.389136474
5.75,3.40969951304642,940161.903025815
5.76,3.41515345560474,950008.625918224
5.77,3.42060689734395,959941.151893038
5.78,3.42605983994846,969960.078131044
5.79,3.43151228509336,980066.004925257
5.8,3.43696423444454,990259.535691716
5.81,3.4424156896587,1000541.27698029
5.82,3.44786665238347,1010911.83848552
5.83,3.45331712425745,1021371.83305749
5.84,3.45876710691028,1031921.87671263
5.85,3.46421660196273,1042562.58864469
5.86,3.46966561102672,1053294.59123559
5.87,3.47511413570545,1064118.51006637
5.88,3.48056217759339,1075034.97392813
5.89,3.48600973827642,1086044.614833
5.9,3.49145681933183,1097148.0680251
5.91,3.49690342232842,1108345.97199158
5.92,3.50234954882657,1119638.96847359
5.93,3.50779520037826,1131027.70247737
5.94,3.51324037852717,1142512.82228527
5.95,3.51868508480873,1154094.97946684
5.96,3.52412932075018,1165774.82888995
5.97,3.52957308787062,1177553.02873183
5.98,3.53501638768109,1189430.24049029
5.99,3.54045922168459,1201407.12899481
6,3.54590159137621,1213484.36241774
6.01,3.55134349824311,1225662.61228547
6.02,3.55678494376461,1237942.55348966
6.03,3.56222592941225,1250324.86429842
6.04,3.56766645664987,1262810.22636762
6.05,3.57310652693359,1275399.32475209
6.06,3.57854614171195,1288092.84791695
6.07,3.58398530242593,1300891.48774888
6.08,3.58942401050896,1313795.93956745
6.09,3.59486226738707,1326806.90213645
6.1,3.60030007447886,1339925.07767526
6.11,3.60573743319557,1353151.17187021
6.12,3.61117434494118,1366485.89388601
6.13,3.6166108111124,1379929.95637709
6.14,3.62204683309875,1393484.0754991
6.15,3.6274824122826,1407148.97092035
6.16,3.63291755003927,1420925.36583323
6.17,3.63835224773698,1434813.98696575
6.18,3.64378650673699,1448815.56459303
6.19,3.64922032839362,1462930.83254881
6.2,3.65465371405428,1477160.52823702
6.21,3.66008666505955,1491505.39264332
6.22,3.66551918274319,1505966.17034667
6.23,3.67095126843223,1520543.60953098
6.24,3.67638292344698,1535238.46199667
6.25,3.68181414910111,1550051.48317234
6.26,3.68724494670165,1564983.43212643
6.27,3.6926753175491,1580035.07157886
6.28,3.69810526293741,1595207.16791276
6.29,3.70353478415406,1610500.49118616
6.3,3.70896388248011,1625915.81514374
6.31,3.71439255919022,1641453.91722853
6.32,3.71982081555272,1657115.57859376
6.33,3.72524865282963,1672901.58411456
6.34,3.73067607227671,1688812.72239984
6.35,3.73610307514352,1704849.78580405
6.36,3.74152966267344,1721013.57043905
6.37,3.74695583610372,1737304.87618601
6.38,3.7523815966655,1753724.5067072
6.39,3.75780694558392,1770273.26945798
6.4,3.76323188407808,1786951.97569866
6.41,3.76865641336111,1803761.44050645
6.42,3.77408053464024,1820702.48278744
6.43,3.77950424911678,1837775.92528852
6.44,3.78492755798623,1854982.59460943
6.45,3.79035046243825,1872323.32121473
6.46,3.79577296365676,1889798.93944586
6.47,3.80119506281993,1907410.28753313
6.48,3.80661676110025,1925158.20760789
6.49,3.81203805966453,1943043.5457145
6.5,3.817458959674,1961067.15182252
6.51,3.8228794622843,1979229.87983879
6.52,3.8282995686455,1997532.58761958
6.53,3.83371927990221,2015976.13698275
6.54,3.83913859719352,2034561.39371994
6.55,3.84455752165313,2053289.22760876
6.56,3.84997605440932,2072160.512425
6.57,3.85539419658501,2091176.12595487
6.58,3.86081194929779,2110336.95000726
6.59,3.86622931365997,2129643.870426
6.6,3.87164629077859,2149097.77710216
6.61,3.87706288175547,2168699.56398636
6.62,3.88247908768723,2188450.12910109
6.63,3.88789490966535,2208350.37455308
6.64,3.89331034877618,2228401.20654562
6.65,3.89872540610098,2248603.535391
6.66,3.90414008271596,2268958.27552287
6.67,3.90955437969229,2289466.34550869
6.68,3.91496829809615,2310128.66806215
6.69,3.92038183898879,2330946.17005565
6.7,3.92579500342648,2351919.78253276
6.71,3.93120779246065,2373050.44072073
6.72,3.93662020713782,2394339.08404297
6.73,3.94203224849969,2415786.65613167
6.74,3.94744391758317,2437394.10484023
6.75,3.95285521542039,2459162.38225594
6.76,3.95826614303871,2481092.44471253
6.77,3.96367670146083,2503185.25280275
6.78,3.96908689170471,2525441.77139104
6.79,3.97449671478371,2547862.96962616
6.8,3.97990617170653,2570449.82095385
6.81,3.98531526347728,2593203.30312952
6.82,3.99072399109552,2616124.39823096
6.83,3.99613235555625,2639214.09267104
6.84,4.00154035784999,2662473.37721046
6.85,4.00694799896276,2685903.24697054
6.86,4.01235527987612,2709504.70144593
6.87,4.01776220156722,2733278.74451746
6.88,4.02316876500881,2757226.38446494
6.89,4.02857497116927,2781348.63397999
6.9,4.03398082101264,2805646.51017889
6.91,4.03938631549862,2830121.03461545
6.92,4.04479145558266,2854773.23329391
6.93,4.05019624221591,2879604.13668185
6.94,4.0556006763453,2904614.77972308
6.95,4.06100475891356,2929806.20185064
6.96,4.06640849085922,2955179.44699972
6.97,4.07181187311665,2980735.56362068
6.98,4.0772149066161,3006475.604692
6.99,4.08261759228369,3032400.62773337
7,4.08801993104148,3058511.69481865
7.01,4.09342192380745,3084809.87258899
7.02,4.09882357149556,3111296.2322659
7.03,4.10422487501576,3137971.84966429
7.04,4.10962583527401,3164837.80520565
7.05,4.1150264531723,3191895.18393115
7.06,4.12042672960872,3219145.07551479
7.07,4.12582666547739,3246588.57427659
7.08,4.13122626166859,3274226.77919574
7.09,4.13662551906871,3302060.79392385
7.1,4.1420244385603,3330091.72679816
7.11,4.14742302102208,3358320.69085475
7.12,4.152821267329,3386748.80384188
7.13,4.15821917835221,3415377.18823319
7.14,4.16361675495912,3444206.97124106
7.15,4.1690139980134,3473239.28482989
7.16,4.17441090837503,3502475.26572947
7.17,4.17980748690028,3531916.05544829
7.18,4.18520373444178,3561562.80028699
7.19,4.1905996518485,3591416.65135168
7.2,4.19599523996581,3621478.76456739
7.21,4.20139049963545,3651750.30069149
7.22,4.20678543169561,3682232.42532716
7.23,4.21218003698091,3712926.30893682
7.24,4.21757431632244,3743833.12685565
7.25,4.22296827054776,3774954.0593051
7.26,4.22836190048096,3806290.29140639
7.27,4.23375520694264,3837843.01319406
7.28,4.23914819074994,3869613.41962954
7.29,4.24454085271657,3901602.71061475
7.3,4.24993319365284,3933812.09100564
7.31,4.25532521436565,3966242.77062588
7.32,4.26071691565854,3998895.96428044
7.33,4.26610829833167,4031772.89176928
7.34,4.27149936318188,4064874.77790102
7.35,4.27689011100271,4098202.85250661
7.36,4.28228054258437,4131758.35045308
7.37,4.28767065871381,4165542.51165723
7.38,4.29306046017473,4199556.5810994
7.39,4.29844994774756,4233801.80883725
7.4,4.30383912220954,4268279.45001952
7.41,4.30922798433468,4302990.76489985
7.42,4.31461653489382,4337937.01885061
7.43,4.32000477465463,4373119.48237672
7.44,4.32539270438162,4408539.43112955
7.45,4.33078032483619,4444198.14592075
7.46,4.3361676367766,4480096.91273618
7.47,4.34155464095803,4516237.02274984
7.48,4.34694133813259,4552619.77233778
7.49,4.3523277290493,4589246.46309204
7.5,4.35771381445417,4626118.40183468
7.51,4.36309959509015,4663236.90063172
7.52,4.36848507169721,4700603.27680719
7.53,4.37387024501231,4738218.85295711
7.54,4.37925511576943,4776084.95696358
7.55,4.3846396846996,4814202.92200885
7.56,4.39002395253092,4852574.08658938
7.57,4.39540791998853,4891199.79452993
7.58,4.40079158779468,4930081.39499775
7.59,4.40617495666873,4969220.24251666
7.6,4.41155802732716,5008617.69698122
7.61,4.41694080048357,5048275.12367094
7.62,4.42232327684874,5088193.89326445
7.63,4.4277054571306,5128375.38185371
7.64,4.43308734203428,5168820.97095827
7.65,4.43846893226209,5209532.04753952
7.66,4.44385022851359,5250510.00401496
7.67,4.44923123148553,5291756.23827244
7.68,4.45461194187193,5333272.15368459
7.69,4.45999236036408,5375059.15912302
7.7,4.46537248765053,5417118.66897273
7.71,4.47075232441712,5459452.10314649
7.72,4.47613187134702,5502060.8870992
7.73,4.48151112912068,5544946.45184229
7.74,4.48689009841593,5588110.23395814
7.75,4.49226877990792,5631553.67561454
7.76,4.49764717426917,5675278.22457915
7.77,4.5030252821696,5719285.33423395
7.78,4.50840310427649,5763576.46358977
7.79,4.51378064125454,5808153.07730078
7.8,4.51915789376589,5853016.64567904
7.81,4.52453486247008,5898168.64470905
7.82,4.52991154802412,5943610.55606232
7.83,4.53528795108249,5989343.86711195
7.84,4.54066407229713,6035370.07094726
7.85,4.54603991231746,6081690.66638841
7.86,4.55141547179044,6128307.15800102
7.87,4.5567907513605,6175221.0561109
7.88,4.56216575166964,6222433.87681865
7.89,4.56754047335738,6269947.14201445
7.9,4.57291491706079,6317762.37939268
7.91,4.57828908341453,6365881.12246676
7.92,4.58366297305082,6414304.91058386
7.93,4.58903658659949,6463035.28893967
7.94,4.59440992468798,6512073.80859321
7.95,4.59978298794133,6561422.02648166
7.96,4.60515577698222,6611081.50543515
7.97,4.61052829243098,6661053.81419166
7.98,4.6159005349056,6711340.52741187
7.99,4.62127250502172,6761943.22569404
8,4.62664420339269,6812863.49558891
8.01,4.63201563062953,6864102.92961468
8.02,4.63738678734098,6915663.12627191
8.02999999999999,4.64275767413348,6967545.69005848
8.04,4.64812829161122,7019752.23148461
8.05,4.65349864037611,7072284.36708779
8.06,4.65886872102784,7125143.71944791
8.07,4.66423853416384,7178331.91720221
8.08,4.66960808037933,7231850.59506036
8.09,4.67497736026731,7285701.39381956
8.1,4.68034637441858,7339885.9603796
8.10999999999999,4.68571512342175,7394405.947758
8.12,4.69108360786327,7449263.01510515
8.13,4.69645182832739,7504458.82771941
8.14,4.70181978539623,7559995.05706234
8.15,4.70718747964976,7615873.38077386
8.16,4.7125549116658,7672095.48268746
8.17,4.71792208202007,7728663.05284543
8.18,4.72328899128616,7785577.78751408
8.19,4.72865564003557,7842841.38919907
8.19999999999999,4.73402202883771,7900455.56666061
8.21,4.7393881582599,7958422.03492881
8.22,4.74475402886739,8016742.51531897
8.23,4.75011964122339,8075418.73544698
8.24,4.75548499588903,8134452.42924458
8.25,4.76085009342344,8193845.33697484
8.26,4.76621493438369,8253599.20524745
8.27,4.77157951932485,8313715.78703421
8.27999999999999,4.77694384879997,8374196.84168447
8.29,4.78230792336011,8435044.13494049
8.3,4.78767174355434,8496259.43895298
8.31,4.79303530992977,8557844.5322966
8.32,4.79839862303151,8619801.19998543
8.33,4.80376168340273,8682131.2334885
8.34,4.80912449158467,8744836.43074533
8.35,4.81448704811659,8807918.59618152
8.35999999999999,4.81984935353585,8871379.5407243
8.37,4.82521140837789,8935221.08181817
8.38,4.83057321317624,8999445.04344043
8.39,4.83593476846251,9064053.25611695
8.4,4.84129607476646,9129047.5569377
8.41,4.84665713261592,9194429.78957252
8.42,4.85201794253689,9260201.80428675
8.43,4.85737850505348,9326365.45795697
8.44,4.86273882068796,9392922.61408671
8.44999999999999,4.86809888996075,9459875.14282225
8.46,4.87345871339044,9527224.92096834
8.47,4.87881829149379,9594973.83200395
8.48,4.88417762478574,9663123.7660982
8.49,4.88953671377942,9731676.62012607
8.5,4.89489555898618,9800634.29768429
8.51,4.90025416091555,9869998.70910719
8.52,4.90561252007529,9939771.77148259
8.52999999999999,4.91097063697141,10009955.4086676
8.54,4.91632851210811,10080551.551305
8.55,4.92168614598786,10151562.1368382
8.56,4.9270435391114,10222989.1095283
8.57,4.93240069197769,10294834.4204694
8.58,4.93775760508399,10367100.0276047
8.59,4.94311427892582,10439787.8957426
8.6,4.948470713997,10512899.9965728
8.60999999999999,4.95382691078963,10586438.3086822
8.62,4.95918286979413,10660404.8175709
8.63,4.96453859149921,10734801.5156685
8.64,4.96989407639191,10809630.4023501
8.65,4.9752493249576,10884893.4839525
8.66,4.98060433767997,10960592.7737901
8.67,4.98595911504108,11036730.2921713
8.68,4.9913136575213,11113308.0664147
8.69,4.99666796559939,11190328.1308652
8.7,5.00202203975248,11267792.5269101
8.71,5.00737588045604,11345703.3029955
8.72,5.01272948818396,11424062.5146426
8.73,5.01808286340849,11502872.2244639
8.74,5.02343600660029,11582134.5021793
8.75,5.02878891822843,11661851.4246327
8.76,5.03414159876038,11742025.0758083
8.77,5.03949404866203,11822657.5468468
8.77999999999999,5.04484626839772,11903750.9360618
8.79,5.05019825843019,11985307.3489562
8.8,5.05555001922064,12067328.8982387
8.81,5.06090155122872,12149817.7038401
8.82,5.06625285491254,12232775.8929299
8.83,5.07160393072865,12316205.5999324
8.84,5.0769547791321,12400108.9665435
8.85,5.08230540057641,12484488.1417474
8.85999999999999,5.08765579551357,12569345.2818325
8.87,5.09300596439407,12654682.5504084
8.88,5.09835590766691,12740502.1184223
8.89,5.10370562577958,12826806.1641757
8.9,5.1090551191781,12913596.8733407
8.91,5.11440438830699,13000876.4389768
8.92,5.11975343360931,13088647.0615479
8.93,5.12510225552666,13176910.948938
8.94,5.13045085449915,13265670.3164689
8.95,5.13579923096548,13354927.3869163
8.96,5.14114738536286,13444684.3905264
8.97,5.1464953181271,13534943.565033
8.98,5.15184302969254,13625707.1556743
8.99,5.15719052049213,13716977.4152091
9,5.16253779095737,13808756.603934
9.01,5.16788484151835,13901046.9897004
9.02,5.17323167260378,13993850.8479306
9.02999999999999,5.17857828464094,14087170.4616354
9.04,5.18392467805573,14181008.1214305
9.05,5.18927085327265,14275366.1255535
9.06,5.19461681071484,14370246.7798807
9.07,5.19996255080404,14465652.3979441
9.08,5.20530807396064,14561585.3009486
9.09,5.21065338060365,14658047.8177882
9.1,5.21599847115074,14755042.2850637
9.10999999999999,5.22134334601822,14852571.0470995
9.12,5.22668800562105,14950636.4559603
9.13,5.23203245037288,15049240.8714684
9.14,5.23737668068598,15148386.6612206
9.15,5.24272069697134,15248076.2006055
9.16,5.2480644996386,15348311.8728204
9.17,5.25340808909609,15449096.0688881
9.18,5.25875146575085,15550431.1876747
9.19,5.26409463000859,15652319.6359061
9.2,5.26943758227375,15754763.8281855
9.21,5.27478032294946,15857766.1870104
9.22,5.28012285243756,15961329.1427899
9.23,5.28546517113863,16065455.1338619
9.24,5.29080727945196,16170146.6065103
9.25,5.29614917777559,16275406.0149821
9.26,5.30149086650627,16381235.8215049
9.27,5.30683234603951,16487638.4963041
9.27999999999999,5.31217361676957,16594616.5176202
9.29,5.31751467908946,16702172.371726
9.3,5.32285553339094,16810308.552944
9.31,5.32819618006455,16919027.5636642
9.32,5.3335366194996,17028331.9143605
9.33,5.33887685208416,17138224.123609
9.34,5.3442168782051,17248706.7181051
9.35,5.34955669824806,17359782.2326807
9.35999999999999,5.35489631259748,17471453.2103222
9.37,5.3602357216366,17583722.2021873
9.38,5.36557492574745,17696591.767623
9.39,5.37091392531088,17810064.4741829
9.4,5.37625272070655,17924142.8976446
9.41,5.38159131231293,18038829.6220277
9.42,5.38692970050733,18154127.2396108
9.43,5.39226788566586,18270038.3509495
9.44,5.3976058681635,18386565.5648938
9.45,5.40294364837404,18503711.4986057
9.46,5.40828122667012,18621478.7775768
9.47,5.41361860342322,18739870.0356464
9.48,5.41895577900371,18858887.9150185
9.49,5.42429275378077,18978535.06628
9.5,5.42962952812247,19098814.1484182
9.51,5.43496610239574,19219727.8288384
9.52,5.44030247696638,19341278.7833821
9.52999999999999,5.44563865219909,19463469.6963443
9.54,5.45097462845743,19586303.2604915
9.55,5.45631040610384,19709782.1770795
9.56,5.46164598549968,19833909.1558711
9.57,5.46698136700518,19958686.9151543
9.58,5.47231655097949,20084118.1817596
9.59,5.47765153778065,20210205.6910784
9.6,5.48298632776563,20336952.1870805
9.60999999999999,5.48832092129031,20464360.4223325
9.62,5.49365531870946,20592433.1580151
9.63,5.49898952037683,20721173.1639416
9.64,5.50432352664505,20850583.2185756
9.65,5.5096573378657,20980666.1090492
9.66,5.51499095438932,21111424.6311805
9.67,5.52032437656535,21242861.5894925
9.68,5.52565760474222,21374979.7972303
9.69,5.53099063926729,21507782.0763796
9.7,5.53632348048686,21641271.2576848
9.71,5.54165612874623,21775450.1806669
9.72,5.54698858438963,21910321.6936418
9.73,5.55232084776027,22045888.6537384
9.74,5.55765291920035,22182153.9269165
9.75,5.56298479905102,22319120.3879857
9.76,5.56831648765242,22456790.9206225
9.77,5.5736479853437,22595168.4173897
9.77999999999999,5.57897929246297,22734255.7797538
9.79,5.58431040934735,22874055.9181034
9.8,5.58964133633296,23014571.7517679
9.81,5.5949720737549,23155806.2090352
9.82,5.60030262194731,23297762.2271705
9.83,5.60563298124332,23440442.7524342
9.84,5.61096315197508,23583850.7401009
9.85,5.61629313447376,23727989.1544768
9.85999999999999,5.62162292906957,23872860.968919
9.87,5.62695253609171,24018469.1658535
9.88,5.63228195586844,24164816.7367935
9.89,5.63761118872705,24311906.682358
9.9,5.64294023499387,24459742.0122904
9.91,5.64826909499426,24608325.7454767
9.92,5.65359776905266,24757660.9099642
9.93,5.65892625749251,24907750.54298
9.94,5.66425456063636,25058597.6909494
9.95,5.66958267880578,25210205.4095144
9.96,5.67491061232141,25362576.7635527
9.97,5.68023836150297,25515714.8271958
9.98,5.68556592666924,25669622.6838479
9.99,5.69089330813809,25824303.4262042
10,5.69622050622643,25979760.1562703
