0.01	0.016386315	0.016451508	-3040.484407
0.02	0.032785652	0.032916098	-760.5323556
0.03	0.049210719	0.049407225	-338.368175
0.04	0.065676242	0.06593909	-190.5645669
0.05	0.082196799	0.08252702	-122.1091955
0.06	0.098791103	0.099187835	-84.88953389
0.07	0.115481785	0.115940223	-62.42093783
0.08	0.132296091	0.132805117	-47.81731952
0.09	0.149266893	0.149806067	-37.78863891
0.1	0.166426567	0.166969614	-30.60176642
0.11	0.183801135	0.184325664	-25.27319611
0.12	0.20140416	0.201907861	-21.21106814
0.13	0.219233109	0.219753962	-18.0418617
0.14	0.237272185	0.237906211	-15.5203902
0.15	0.255489874	0.256411711	-13.48029098
0.16	0.273847062	0.2753228	-11.8054497
0.17	0.292297425	0.294697425	-10.41282117
0.18	0.310790993	0.314599513	-9.241732814
0.19	0.329279959	0.335099349	-8.247018387
0.2	0.347717732	0.356273947	-7.394490851
0.21	0.366060682	0.378207424	-6.657885932
0.22	0.384270477	0.400991374	-6.016754568
0.23	0.402314249	0.424725244	-5.454981861
0.24	0.420162483	0.449516705	-4.959728326
0.25	0.437793002	0.475482027	-4.520661205
0.26	0.455185012	0.502746455	-4.129388427
0.27	0.472323897	0.531444577	-3.77903636
0.28	0.489197893	0.561720706	-3.463931069
0.29	0.505799441	0.593729247	-3.179355043
0.3	0.522121002	0.627635074	-2.921359644
0.31	0.538160222	0.663613902	-2.686619142
0.32	0.55391563	0.701852666	-2.472316116
0.33	0.569386577	0.742549886	-2.276050747
0.34	0.58457541	0.785916051	-2.09576847
0.35	0.599483591	0.832173984	-1.92970186
0.36	0.614115697	0.881559221	-1.776323627
0.37	0.6284752	0.934320385	-1.63430837
0.38	0.642566456	0.990719556	-1.502501255
0.39	0.65639541	1.051032649	-1.379892241
0.4	0.669966171	1.115549785	-1.265594732
0.41	0.683287132	1.184575667	-1.158827831
0.42	0.696360924	1.258429954	-1.0589015
0.43	0.709194686	1.33744763	-0.965204099
0.44	0.721795507	1.421979386	-0.877191887
0.45	0.734167616	1.512391988	-0.794380118
0.46	0.746316914	1.609068651	-0.716335488
0.47	0.758252161	1.712409416	-0.642669677
0.48	0.769975139	1.822831522	-0.573033824
0.49	0.781493559	1.940769779	-0.507113787
0.5	0.792813148	2.066676944	-0.444626042
0.51	0.803939282	2.201024094	-0.385314153
0.52	0.814875345	2.344300998	-0.328945696
0.53	0.825629265	2.497016495	-0.275309595
0.54	0.83620455	2.659698864	-0.22421379
0.55	0.846605797	2.832896198	-0.175483203
0.56	0.856839844	3.017176782	-0.128957952
0.57	0.866908556	3.213129463	-0.08449178
0.58	0.876816786	3.421364023	-0.041950673
0.59	0.886571361	3.642511557	-0.00121164
0.6	0.89617308	3.877224845	0.037838367
0.61	0.90562885	4.126178723	0.075303417
0.62	0.914940634	4.390070462	0.111279443
0.63	0.924112853	4.669620139	0.145855011
0.64	0.933149824	4.965571009	0.179111988
0.65	0.942052802	5.278689882	0.211126154
0.66	0.950829693	5.609767498	0.241967737
0.67	0.959477642	5.959618897	0.271701908
0.68	0.968004932	6.329083794	0.30038921
0.69	0.97641184	6.719026955	0.328085957
0.7	0.984703596	7.130338568	0.354844582
0.71	0.992880966	7.56393462	0.380713968
0.72	1.000949124	8.020757267	0.405739724
0.73	1.008908113	8.501775213	0.42996446
0.74	1.01676032	9.007984077	0.453428017
0.75	1.024511731	9.540406774	0.476167685
0.76	1.032162755	10.10009388	0.498218399
0.77	1.039714281	10.68812403	0.519612921
0.78	1.047170139	11.30560424	0.540382
0.79	1.054533649	11.95367035	0.560554522
0.8	1.06180521	12.63348734	0.580157644
0.81	1.068986843	13.34624973	0.599216923
0.82	1.076083345	14.09318195	0.617756426
0.83	1.083091217	14.87553872	0.635798838
0.84	1.090019253	15.69460541	0.653365556
0.85	1.096861957	16.55169843	0.670476778
0.86	1.103628211	17.44816559	0.687151582
0.87	1.110312997	18.38538647	0.703408005
0.88	1.116923354	19.36477281	0.719263112
0.89	1.123458415	20.3877689	0.734733054
0.9	1.129919136	21.45585189	0.749833134
0.91	1.136310679	22.57053224	0.764577855
0.92	1.142630457	23.73335403	0.778980976
0.93	1.148881412	24.94589538	0.793055556
0.94	1.155066021	26.20976881	0.806813996
0.95	1.161181973	27.52662159	0.820268082
0.96	1.167237573	28.89813616	0.833429019
0.97	1.173225972	30.32603046	0.84630747
0.98	1.179154585	31.81205833	0.858913584
0.99	1.185020893	33.35800986	0.871257028
1	1.190829046	34.96571181	0.883347014
1.01	1.196573551	36.63702792	0.895192327
1.02	1.202265232	38.37385934	0.906801348
1.03	1.207900824	40.17814497	0.918182075
1.04	1.213477352	42.05186185	0.929342147
1.05	1.219001422	43.99702554	0.940288863
1.06	1.224473234	46.01569046	0.9510292
1.07	1.229891267	48.10995029	0.96156983
1.08	1.235257596	50.28193837	0.971917137
1.09	1.240574665	52.533828	0.982077233
1.1	1.245840697	54.8678329	0.992055969
1.11	1.2510598	57.28620751	1.001858955
1.12	1.25623012	59.79124742	1.011491564
1.13	1.261352378	62.3852897	1.020958952
1.14	1.266430893	65.07071331	1.030266061
1.15	1.271461247	67.84993944	1.039417639
1.16	1.276448069	70.72543193	1.04841824
1.17	1.281392681	73.69969759	1.057272242
1.18	1.286289941	76.77528661	1.065983849
1.19	1.291148843	79.95479291	1.074557102
1.2	1.295963337	83.24085455	1.082995889
1.21	1.300736796	86.63615406	1.091303949
1.22	1.305471964	90.14341885	1.099484879
1.23	1.3101637	93.76542155	1.107542143
1.24	1.314819775	97.50498044	1.115479076
1.25	1.319436693	101.3649597	1.123298891
1.26	1.324015009	105.3482701	1.131004685
1.27	1.328554367	109.4578687	1.138599442
1.28	1.333059318	113.6967602	1.146086041
1.29	1.33752921	118.0679964	1.153467258
1.3	1.341962319	122.5746771	1.160745772
1.31	1.346358902	127.2199503	1.167924168
1.32	1.350722045	132.0070126	1.175004943
1.33	1.355050849	136.9391097	1.18199051
1.34	1.359348034	142.0195364	1.188883196
1.35	1.363607383	147.2516375	1.195685254
1.36	1.367837377	152.6388076	1.202398861
1.37	1.372036218	158.1844921	1.209026119
1.38	1.376201997	163.8921871	1.215569066
1.39	1.380338555	169.7654397	1.22202967
1.4	1.384442827	175.8078491	1.228409837
1.41	1.38851759	182.0230659	1.234711413
1.42	1.392562177	188.4147935	1.240936183
1.43	1.396577076	194.9867877	1.247085879
1.44	1.400565131	201.7428576	1.253162176
1.45	1.404521344	208.6868656	1.259166699
1.46	1.408449157	215.8227281	1.265101022
1.47	1.412351902	223.1544157	1.270966673
1.48	1.416225914	230.6859534	1.276765132
1.49	1.420073636	238.4214213	1.282497834
1.5	1.423893092	246.3649548	1.288166173
1.51	1.427689167	254.520745	1.293771503
1.52	1.43145813	262.8930392	1.299315134
1.53	1.435200048	271.486141	1.304798341
1.54	1.438915498	280.3044109	1.310222364
1.55	1.442609965	289.3522665	1.315588402
1.56	1.446276765	298.6341832	1.320897626
1.57	1.449919496	308.1546941	1.326151169
1.58	1.453537579	317.9183908	1.331350135
1.59	1.457135101	327.9299235	1.336495598
1.6	1.460703714	338.1940015	1.341588599
1.61	1.464255517	348.7153936	1.346630154
1.62	1.467779986	359.4989283	1.351621249
1.63	1.471281896	370.5494945	1.356562845
1.64	1.474764733	381.8720414	1.361455877
1.65	1.478227407	393.4715793	1.366301253
1.66	1.481662304	405.3531798	1.37109986
1.67	1.485080858	417.5219762	1.375852561
1.68	1.488473345	429.9831639	1.380560194
1.69	1.491847357	442.7420005	1.385223579
1.7	1.495199187	455.8038068	1.389843513
1.71	1.498532054	469.1739665	1.394420772
1.72	1.501845581	482.8579269	1.398956114
1.73	1.505137215	496.8611992	1.403450277
1.74	1.508412373	511.1893591	1.407903981
1.75	1.511664305	525.8480468	1.412317927
1.76	1.514899028	540.8429677	1.4166928
1.77	1.518114123	556.1798924	1.421029268
1.78	1.521310256	571.8646574	1.425327982
1.79	1.524485604	587.9031656	1.429589579
1.8	1.527647231	604.3013861	1.433814679
1.81	1.530785654	621.0653552	1.438003888
1.82	1.533910621	638.2011762	1.442157796
1.83	1.537013805	655.7150205	1.446276982
1.84	1.540099048	673.6131271	1.45036201
1.85	1.543171702	691.9018037	1.454413431
1.86	1.546222683	710.5874268	1.458431782
1.87	1.549257611	729.6764418	1.46241759
1.88	1.552278639	749.1753639	1.466371368
1.89	1.55527764	769.0907781	1.47029362
1.9	1.558264096	789.4293397	1.474184835
1.91	1.561235741	810.1977748	1.478045494
1.92	1.564191332	831.4028804	1.481876066
1.93	1.567123231	853.0515248	1.48567701
1.94	1.570049002	875.1506482	1.489448775
1.95	1.572949215	897.7072632	1.493191801
1.96	1.575844655	920.7284545	1.496906516
1.97	1.578714959	944.2213799	1.500593341
1.98	1.581580911	968.1932706	1.504252688
1.99	1.584417553	992.6514312	1.50788496
2	1.587249088	1017.603241	1.511490549
2.01	1.590068588	1043.056152	1.515069842
2.02	1.592869237	1069.017693	1.518623218
2.03	1.595652876	1095.495467	1.522151045
2.04	1.598425392	1122.497153	1.525653686
2.05	1.601185295	1150.030504	1.529131497
2.06	1.603931055	1178.103353	1.532584824
2.07	1.606660249	1206.723606	1.536014008
2.08	1.609373079	1235.899247	1.539419383
2.09	1.612072298	1265.638339	1.542801275
2.1	1.614766454	1295.949021	1.546160007
2.11	1.617440093	1326.839511	1.54949589
2.12	1.62010092	1358.318105	1.552809235
2.13	1.62275553	1390.393179	1.556100341
2.14	1.625390822	1423.073186	1.559369507
2.15	1.628010815	1456.36666	1.562617021
2.16	1.630623592	1490.282217	1.565843169
2.17	1.63322309	1524.828549	1.569048229
2.18	1.635809688	1560.014433	1.572232476
2.19	1.638384872	1595.848725	1.575396179
2.2	1.640944824	1632.340362	1.578539602
2.21	1.643488923	1669.498364	1.581663002
2.22	1.64602707	1707.331833	1.584766635
2.23	1.648556447	1745.849954	1.587850749
2.24	1.651070369	1785.061994	1.590915589
2.25	1.653574255	1824.977305	1.593961395
2.26	1.656058957	1865.60532	1.596988403
2.27	1.658542126	1906.955559	1.599996845
2.28	1.661007309	1949.037625	1.602986947
2.29	1.663465032	1991.861206	1.605958934
2.3	1.665905991	2035.436076	1.608913025
2.31	1.668345706	2079.772094	1.611849434
2.32	1.670763439	2124.879204	1.614768374
2.33	1.673179995	2170.767438	1.617670052
2.34	1.675576966	2217.446915	1.620554674
2.35	1.67797074	2264.927839	1.623422438
2.36	1.680350348	2313.220503	1.626273544
2.37	1.682720185	2362.335289	1.629108184
2.38	1.685080919	2412.282663	1.63192655
2.39	1.687432793	2463.073185	1.634728828
2.4	1.6897723	2514.717501	1.637515202
2.41	1.692098373	2567.226345	1.640285854
2.42	1.69442349	2620.610545	1.643040962
2.43	1.696727248	2674.881015	1.645780701
2.44	1.699022989	2730.048761	1.648505243
2.45	1.701317798	2786.124881	1.651214757
2.46	1.703593977	2843.120562	1.65390941
2.47	1.705860786	2901.047085	1.656589365
2.48	1.708117603	2959.915821	1.659254784
2.49	1.710374287	3019.738234	1.661905826
2.5	1.712614317	3080.525881	1.664542645
2.51	1.714849973	3142.290412	1.667165397
2.52	1.717073106	3205.04357	1.669774231
2.53	1.719289511	3268.797192	1.672369296
2.54	1.721484799	3333.56321	1.67495074
2.55	1.723678689	3399.353651	1.677518705
2.56	1.725869292	3466.180634	1.680073333
2.57	1.728039156	3534.056376	1.682614765
2.58	1.730214283	3602.993189	1.685143137
2.59	1.73237038	3673.003482	1.687658584
2.6	1.734524258	3744.099759	1.690161241
2.61	1.736663169	3816.29462	1.692651238
2.62	1.738801281	3889.600766	1.695128704
2.63	1.740923739	3964.030992	1.697593766
2.64	1.7430416	4039.598192	1.70004655
2.65	1.745152867	4116.315359	1.70248718
2.66	1.747255007	4194.195583	1.704915776
2.67	1.749348444	4273.252056	1.707332458
2.68	1.751429424	4353.498067	1.709737346
2.69	1.75350745	4434.947005	1.712130554
2.7	1.755573531	4517.61236	1.714512197
2.71	1.757630086	4601.507722	1.716882389
2.72	1.759685042	4686.646783	1.719241241
2.73	1.761728097	4773.043336	1.721588862
2.74	1.763765933	4860.711273	1.72392536
2.75	1.765790669	4949.664593	1.726250842
2.76	1.76781596	5039.917393	1.728565414
2.77	1.769830527	5131.483875	1.730869177
2.78	1.771838409	5224.378345	1.733162236
2.79	1.773832836	5318.615209	1.735444689
2.8	1.775821334	5414.208981	1.737716637
2.81	1.777807079	5511.174278	1.739978177
2.82	1.779790093	5609.525819	1.742229406
2.83	1.781752634	5709.278432	1.744470419
2.84	1.783716796	5810.447049	1.74670131
2.85	1.785670078	5913.046707	1.748922171
2.86	1.787611548	6017.092549	1.751133094
2.87	1.789561099	6122.599827	1.753334169
2.88	1.79149493	6229.583897	1.755525484
2.89	1.793413817	6338.060224	1.757707127
2.9	1.795338633	6448.04438	1.759879186
2.91	1.79724513	6559.552045	1.762041744
2.92	1.799147342	6672.599008	1.764194886
2.93	1.801052951	6787.201166	1.766338696
2.94	1.802943017	6903.374527	1.768473255
2.95	1.804827821	7021.135206	1.770598645
2.96	1.806707473	7140.499429	1.772714944
2.97	1.808577621	7261.483533	1.774822232
2.98	1.810443573	7384.103965	1.776920587
2.99	1.812311967	7508.377283	1.779010086
3	1.81416171	7634.320156	1.781090804
3.01	1.816006634	7761.949366	1.783162815
3.02	1.817845408	7891.281807	1.785226195
3.03	1.819679474	8022.334484	1.787281016
3.04	1.821510143	8155.124515	1.78932735
3.05	1.823325335	8289.669135	1.791365267
3.06	1.82514539	8425.985687	1.793394839
3.07	1.826954277	8564.091633	1.795416135
3.08	1.828752327	8704.004546	1.797429223
3.09	1.83054798	8845.742116	1.79943417
3.1	1.832332863	8989.322147	1.801431044
3.11	1.834126651	9134.762557	1.803419911
3.12	1.835898411	9282.081385	1.805400835
3.13	1.837667529	9431.29678	1.807373881
3.14	1.839442954	9582.427012	1.809339113
3.15	1.841200081	9735.490466	1.811296594
3.16	1.842951258	9890.505646	1.813246384
3.17	1.844704034	10047.49117	1.815188547
3.18	1.846442776	10206.46578	1.817123142
3.19	1.848180675	10367.44833	1.81905023
3.2	1.849913245	10530.45781	1.820969869
3.21	1.851647768	10695.51329	1.822882118
3.22	1.853364306	10862.63401	1.824787035
3.23	1.855074538	11031.83929	1.826684676
3.24	1.856786813	11203.14859	1.828575099
3.25	1.858495491	11376.58149	1.830458358
3.26	1.860189913	11552.15768	1.83233451
3.27	1.861878429	11729.89698	1.834203608
3.28	1.863572141	11909.81934	1.836065707
3.29	1.865256349	12091.94482	1.83792086
3.3	1.866928123	12276.2936	1.839769118
3.31	1.868603894	12462.88599	1.841610536
3.32	1.870268518	12651.74243	1.843445162
3.33	1.871932565	12842.88347	1.84527305
3.34	1.873585198	13036.32978	1.847094249
3.35	1.875241429	13232.10218	1.848908808
3.36	1.876886557	13430.2216	1.850716777
3.37	1.87852276	13630.70908	1.852518205
3.38	1.880158917	13833.58582	1.854313139
3.39	1.881796718	14038.87311	1.856101627
3.4	1.883416001	14246.59239	1.857883716
3.41	1.885033596	14456.76521	1.859659453
3.42	1.886654788	14669.41327	1.861428884
3.43	1.8882655	14884.55838	1.863192053
3.44	1.889873813	15102.22248	1.864949007
3.45	1.891473422	15322.42764	1.86669979
3.46	1.893068591	15545.19605	1.868444445
3.47	1.894661983	15770.55006	1.870183017
3.48	1.896248358	15998.5121	1.871915548
3.49	1.897831758	16229.10478	1.873642081
3.5	1.899406366	16462.35081	1.875362658
3.51	1.900983548	16698.27303	1.877077321
3.52	1.902546831	16936.89442	1.878786112
3.53	1.90410554	17178.2381	1.880489071
3.54	1.905668601	17422.3273	1.882186238
3.55	1.907222114	17669.1854	1.883877654
3.56	1.908774161	17918.8359	1.885563358
3.57	1.91031746	18171.30244	1.887243389
3.58	1.911856051	18426.60879	1.888917787
3.59	1.91339864	18684.77886	1.890586589
3.6	1.914924885	18945.83668	1.892249834
3.61	1.916452863	19209.80643	1.893907559
3.62	1.917975245	19476.71242	1.895559801
3.63	1.919494519	19746.57908	1.897206598
3.64	1.921006199	20019.431	1.898847985
3.65	1.92252263	20295.29288	1.900483999
3.66	1.924023829	20574.18959	1.902114675
3.67	1.925530979	20856.1461	1.90374005
3.68	1.927018412	21141.18754	1.905360157
3.69	1.928518145	21429.33916	1.906975032
3.7	1.930008509	21720.62637	1.908584709
3.71	1.931489368	22015.07469	1.910189222
3.72	1.932971516	22312.70982	1.911788605
3.73	1.934444649	22613.55754	1.91338289
3.74	1.935919824	22917.64383	1.914972112
3.75	1.937389449	23224.99477	1.916556302
3.76	1.938846861	23535.63658	1.918135493
3.77	1.940309069	23849.59565	1.919709717
3.78	1.94176546	24166.89848	1.921279005
3.79	1.943215722	24487.57173	1.92284339
3.8	1.944668426	24811.64219	1.924402902
3.81	1.946107897	25139.13679	1.925957573
3.82	1.947549899	25470.08262	1.927507432
3.83	1.948982931	25804.50689	1.92905251
3.84	1.950412898	26142.43696	1.930592837
3.85	1.951843842	26483.90035	1.932128442
3.86	1.953274875	26828.92471	1.933659355
3.87	1.954689832	27177.53782	1.935185606
3.88	1.956111273	27529.76762	1.936707222
3.89	1.957525519	27885.6422	1.938224233
3.9	1.958926665	28245.18979	1.939736667
3.91	1.960327545	28608.43875	1.941244551
3.92	1.961731488	28975.41762	1.942747914
3.93	1.9631341	29346.15504	1.944246784
3.94	1.964531338	29720.67984	1.945741186
3.95	1.965914942	30099.02098	1.94723115
3.96	1.967312269	30481.20755	1.9487167
3.97	1.968695829	30867.26882	1.950197864
3.98	1.970071795	31257.23418	1.951674669
3.99	1.971445407	31651.13318	1.953147139
4	1.972816976	32048.99553	1.954615302
4.01	1.974187702	32450.85108	1.956079182
4.02	1.975549946	32856.72981	1.957538805
4.03	1.976915609	33266.66188	1.958994196
4.04	1.978267772	33680.67759	1.96044538
4.05	1.979625708	34098.80738	1.961892382
4.06	1.980982622	34521.08186	1.963335226
4.07	1.982328479	34947.53177	1.964773936
4.08	1.98366652	35378.18802	1.966208537
4.09	1.985022768	35813.08166	1.967639052
4.1	1.986350195	36252.2439	1.969065505
4.11	1.987685305	36695.7061	1.970487919
4.12	1.989009402	37143.49978	1.971906318
4.13	1.990345622	37595.65661	1.973320724
4.14	1.991665854	38052.20839	1.97473116
4.15	1.992988308	38513.18712	1.97613765
4.16	1.994306587	38978.62491	1.977540215
4.17	1.995624865	39448.55407	1.978938877
4.18	1.996934351	39923.00702	1.980333659
4.19	1.998241439	40402.01636	1.981724582
4.2	1.999535115	40885.61486	1.983111669
4.21	2.000856103	41373.83541	1.98449494
4.22	2.002140587	41866.71109	1.985874417
4.23	2.003438926	42364.27512	1.987250121
4.24	2.004728783	42866.56088	1.988622073
4.25	2.006027389	43373.60192	1.989990294
4.26	2.007295485	43885.43193	1.991354804
4.27	2.008586364	44402.08477	1.992715624
4.28	2.009856637	44923.59446	1.994072774
4.29	2.011136635	45449.99517	1.995426274
4.3	2.012418276	45981.32125	1.996776143
4.31	2.013691836	46517.60718	1.998122403
4.32	2.014950873	47058.88763	1.999465071
4.33	2.01620951	47605.19742	2.000804169
4.34	2.017479073	48156.57153	2.002139714
4.35	2.018739576	48713.0451	2.003471727
4.36	2.020001855	49274.65343	2.004800225
4.37	2.021244505	49841.43199	2.006125229
4.38	2.022498213	50413.41642	2.007446755
4.39	2.023740642	50990.6425	2.008764824
4.4	2.024975787	51573.14619	2.010079454
4.41	2.026211998	52160.96363	2.011390661
4.42	2.027454915	52754.13108	2.012698466
4.43	2.028701207	53352.68501	2.014002884
4.44	2.029922674	53956.66203	2.015303936
4.45	2.031142721	54566.09892	2.016601637
4.46	2.032384883	55181.03263	2.017896005
4.47	2.033596314	55801.50028	2.019187058
4.48	2.034819468	56427.53914	2.020474813
4.49	2.036045377	57059.18667	2.021759288
4.5	2.037256497	57696.48047	2.023040498
4.51	2.038458824	58339.45834	2.024318461
4.52	2.039673541	58988.15823	2.025593193
4.53	2.040874492	59642.61825	2.026864712
4.54	2.042088143	60302.87669	2.028133032
4.55	2.043282565	60968.97202	2.029398172
4.56	2.044478142	61640.94287	2.030660147
4.57	2.045667058	62318.82802	2.031918972
4.58	2.046879022	63002.66646	2.033174665
4.59	2.048059278	63692.49731	2.03442724
4.6	2.049237091	64388.3599	2.035676713
4.61	2.050441106	65090.29371	2.036923101
4.62	2.051612658	65798.33838	2.038166418
4.63	2.052787007	66512.53375	2.039406679
4.64	2.053972192	67232.91982	2.040643901
4.65	2.055130865	67959.53676	2.041878097
4.66	2.056310677	68692.42491	2.043109284
4.67	2.057471216	69431.62481	2.044337475
4.68	2.058642368	70177.17713	2.045562686
4.69	2.059805482	70929.12276	2.046784931
4.7	2.060961135	71687.50273	2.048004225
4.71	2.062122384	72452.35827	2.049220583
4.72	2.063292337	73223.73076	2.050434017
4.73	2.064444748	74001.66179	2.051644544
4.74	2.065587035	74786.1931	2.052852177
4.75	2.066744109	75577.36661	2.054056929
4.76	2.067868943	76375.22443	2.055258816
4.77	2.06901456	77179.80883	2.05645785
4.78	2.070160265	77991.16228	2.057654045
4.79	2.071293759	78809.32741	2.058847415
4.8	2.072431071	79634.34703	2.060037974
4.81	2.073562921	80466.26413	2.061225735
4.82	2.07469375	81305.1219	2.062410711
4.83	2.075834837	82150.96367	2.063592915
4.84	2.076951988	83003.833	2.064772361
4.85	2.078086681	83863.77358	2.065949061
4.86	2.079192596	84730.82932	2.067123029
4.87	2.080309702	85605.04429	2.068294277
4.88	2.081419348	86486.46275	2.069462818
4.89	2.082538009	87375.12913	2.070628665
4.9	2.083657646	88271.08806	2.071791831
4.91	2.084761563	89174.38435	2.072952327
4.92	2.085872763	90085.06298	2.074110166
4.93	2.086972595	91003.16913	2.075265361
4.94	2.088079665	91928.74814	2.076417924
4.95	2.0891886	92861.84557	2.077567867
4.96	2.090285722	93802.50713	2.078715201
4.97	2.091370677	94750.77874	2.07985994
4.98	2.092462514	95706.70648	2.081002094
4.99	2.093553819	96670.33665	2.082141675
5	2.094649654	97641.71571	2.083278697
5.01	2.095730434	98620.89031	2.084413169
5.02	2.09679607	99607.90729	2.085545103
5.03	2.09789861	100602.8137	2.086674512
5.04	2.098968999	101605.6567	2.087801406
5.05	2.100045959	102616.4838	2.088925796
5.06	2.101129315	103635.3424	2.090047695
5.07	2.102194951	104662.2805	2.091167113
5.08	2.103276575	105697.346	2.092284061
5.09	2.104335373	106740.5869	2.09339855
5.1	2.105410957	107792.0518	2.094510591
5.11	2.106460473	108851.7891	2.095620196
5.12	2.107535524	109919.8475	2.096727374
5.13	2.108578556	110996.2761	2.097832137
5.14	2.109652408	112081.1238	2.098934495
5.15	2.110692598	113174.44	2.100034459
5.16	2.111751618	114276.2742	2.10113204
5.17	2.112823294	115386.6761	2.102227247
5.18	2.11386082	116505.6955	2.103320091
5.19	2.114899056	117633.3826	2.104410583
5.2	2.115938047	118769.7876	2.105498733
5.21	2.116981257	119914.9609	2.10658455
5.22	2.118031883	121068.9533	2.107668046
5.23	2.11906781	122231.8156	2.108749229
5.24	2.120116305	123403.5988	2.109828111
5.25	2.121143794	124584.3542	2.1109047
5.26	2.122169729	125774.1332	2.111979007
5.27	2.123195486	126972.9875	2.113051042
5.28	2.124239806	128180.9688	2.114120814
5.29	2.125252641	129398.1292	2.115188332
5.3	2.126290166	130624.521	2.116253608
5.31	2.127296161	131860.1965	2.117316649
5.32	2.128332888	133105.2085	2.118377466
5.33	2.129352783	134359.6096	2.119436067
5.34	2.130357135	135623.453	2.120492463
5.35	2.13138982	136896.7918	2.121546662
5.36	2.132388177	138179.6794	2.122598674
5.37	2.133400168	139472.1696	2.123648508
5.38	2.134404831	140774.3161	2.124696173
5.39	2.13542859	142086.1728	2.125741678
5.4	2.136424015	143407.7942	2.126785032
5.41	2.13742255	144739.2345	2.127826244
5.42	2.138434008	146080.5484	2.128865323
5.43	2.139434407	147431.7907	2.129902278
5.44	2.140428368	148793.0164	2.130937117
5.45	2.141417665	150164.2809	2.131969849
5.46	2.14240945	151545.6394	2.133000484
5.47	2.14340381	152937.1478	2.134029028
5.48	2.144382893	154338.8617	2.135055492
5.49	2.14538507	155750.8373	2.136079883
5.5	2.146363531	157173.1307	2.137102211
5.51	2.14733209	158605.7986	2.138122482
5.52	2.14833058	160048.8975	2.139140706
5.53	2.149301581	161502.4842	2.140156892
5.54	2.150294831	162966.616	2.141171046
5.55	2.151276224	164441.35	2.142183178
5.56	2.15223892	165926.7437	2.143193296
5.57	2.153218492	167422.8549	2.144201407
5.58	2.154178036	168929.7415	2.14520752
5.59	2.155164003	170447.4615	2.146211643
5.6	2.156130252	171976.0733	2.147213783
5.61	2.15709548	173515.6354	2.148213949
5.62	2.158060974	175066.2066	2.149212149
5.63	2.159003731	176627.8458	2.15020839
5.64	2.159985391	178200.6122	2.151202679
5.65	2.160931833	179784.5651	2.152195026
5.66	2.161905055	181379.7641	2.153185436
5.67	2.162847945	182986.2691	2.154173919
5.68	2.163815926	184604.14	2.155160481
5.69	2.164748469	186233.437	2.156145131
5.7	2.16569469	187874.2206	2.157127874
5.71	2.166648372	189526.5515	2.15810872
5.72	2.167605251	191190.4904	2.159087676
5.73	2.168541968	192866.0984	2.160064748
5.74	2.169477487	194553.4369	2.161039944
5.75	2.170423086	196252.5672	2.162013271
5.76	2.171356828	197963.5513	2.162984737
5.77	2.172295366	199686.4508	2.163954349
5.78	2.173244829	201421.3281	2.164922114
5.79	2.174181146	203168.2454	2.165888038
5.8	2.175112046	204927.2654	2.16685213
5.81	2.176038816	206698.4508	2.167814396
5.82	2.176981351	208481.8646	2.168774843
5.83	2.177895064	210277.57	2.169733477
5.84	2.178826231	212085.6306	2.170690307
5.85	2.179749181	213906.1099	2.171645338
5.86	2.180683145	215739.0718	2.172598578
5.87	2.181607339	217584.5805	2.173550033
5.88	2.182511505	219442.7002	2.17449971
5.89	2.183439829	221313.4955	2.175447616
5.9	2.184336578	223197.0311	2.176393757
5.91	2.185269299	225093.3721	2.177338141
5.92	2.186184611	227002.5835	2.178280773
5.93	2.187089265	228924.7309	2.17922166
5.94	2.188016479	230859.8798	2.180160808
5.95	2.188911674	232808.0962	2.181098225
5.96	2.189813353	234769.4461	2.182033917
5.97	2.19072378	236743.9957	2.182967889
5.98	2.191628612	238731.8118	2.183900149
5.99	2.192532023	240732.9609	2.184830703
6	2.193425264	242747.51	2.185759556
6.01	2.194325699	244775.5264	2.186686716
6.02	2.19523657	246817.0775	2.187612188
6.03	2.196117865	248872.231	2.188535979
6.04	2.197012572	250941.0546	2.189458095
6.05	2.197921356	253023.6166	2.190378541
6.06	2.198798255	255119.9851	2.191297325
6.07	2.199693583	257230.2289	2.192214452
6.08	2.200577764	259354.4165	2.193129928
6.09	2.201451244	261492.6172	2.194043759
6.1	2.202348259	263644.9	2.194955951
6.11	2.203239902	265811.3344	2.195866509
6.12	2.204116978	267991.9902	2.196775441
6.13	2.204996186	270186.9373	2.197682752
6.14	2.205873129	272396.2457	2.198588447
6.15	2.206766947	274619.9858	2.199492532
6.16	2.207638161	276858.2284	2.200395014
6.17	2.208506	279111.0441	2.201295897
6.18	2.20937868	281378.5041	2.202195188
6.19	2.210250427	283660.6796	2.203092892
6.2	2.211127281	285957.6422	2.203989015
6.21	2.212007377	288269.4637	2.204883563
6.22	2.21286327	290596.2159	2.20577654
6.23	2.213744743	292937.9712	2.206667953
6.24	2.214606054	295294.802	2.207557807
6.25	2.21546963	297666.7809	2.208446108
6.26	2.216336448	300053.981	2.209332861
6.27	2.217185946	302456.4752	2.210218071
6.28	2.218045791	304874.3372	2.211101744
6.29	2.218911321	307307.6403	2.211983886
6.3	2.219769302	309756.4586	2.212864501
6.31	2.220615869	312220.866	2.213743595
6.32	2.221473805	314700.937	2.214621173
6.33	2.222318063	317196.7461	2.215497241
6.34	2.223161921	319708.3681	2.216371803
6.35	2.224025231	322235.8779	2.217244866
6.36	2.224872331	324779.351	2.218116433
6.37	2.225717211	327338.8627	2.218986511
6.38	2.226567331	329914.489	2.219855104
6.39	2.22741301	332506.3056	2.220722218
6.4	2.22823866	335114.3889	2.221587857
6.41	2.229082785	337738.8153	2.222452027
6.42	2.229918561	340379.6615	2.223314733
6.43	2.230766905	343037.0045	2.224175979
6.44	2.231603657	345710.9214	2.225035771
6.45	2.232429885	348401.4898	2.225894113
6.46	2.233273788	351108.7871	2.226751011
6.47	2.234119556	353832.8913	2.227606469
6.48	2.234925311	356573.8807	2.228460493
6.49	2.235757579	359331.8335	2.229313086
6.5	2.236605345	362106.8284	2.230164254
6.51	2.237443342	364898.9443	2.231014002
6.52	2.238250296	367708.2602	2.231862335
6.53	2.239071506	370534.8556	2.232709257
6.54	2.239896046	373378.81	2.233554772
6.55	2.240737018	376240.2034	2.234398886
6.56	2.241553432	379119.1157	2.235241604
6.57	2.242364516	382015.6273	2.236082929
6.58	2.243201136	384929.8188	2.236922867
6.59	2.244007868	387861.7711	2.237761423
6.6	2.244823882	390811.5651	2.238598599
6.61	2.245635011	393779.2823	2.239434403
6.62	2.246428377	396765.0041	2.240268837
6.63	2.247262954	399768.8125	2.241101906
6.64	2.248089492	402790.7894	2.241933616
6.65	2.248899467	405831.0172	2.242763969
6.66	2.249688835	408889.5784	2.243592972
6.67	2.250502229	411966.5558	2.244420627
6.68	2.251291153	415062.0326	2.245246941
6.69	2.252114495	418176.0919	2.246071916
6.7	2.252912701	421308.8173	2.246895557
6.71	2.253717968	424460.2927	2.247717869
6.72	2.254514575	427630.6021	2.248538856
6.73	2.255322906	430819.8298	2.249358523
6.74	2.256113474	434028.0604	2.250176873
6.75	2.256909193	437255.3786	2.25099391
6.76	2.257719212	440501.8696	2.25180964
6.77	2.258488241	443767.6186	2.252624066
6.78	2.259322951	447052.7112	2.253437193
6.79	2.260109433	450357.2332	2.254249024
6.8	2.260879839	453681.2707	2.255059563
6.81	2.261671561	457024.9101	2.255868816
6.82	2.26245378	460388.2379	2.256676786
6.83	2.263276411	463771.3408	2.257483477
6.84	2.264046994	467174.3062	2.258288892
6.85	2.264835253	470597.2212	2.259093038
6.86	2.265625643	474040.1734	2.259895916
6.87	2.266390275	477503.2508	2.260697532
6.88	2.267170363	480986.5414	2.261497888
6.89	2.267959154	484490.1337	2.26229699
6.9	2.268739774	488014.1161	2.263094842
6.91	2.269518706	491558.5777	2.263891446
6.92	2.270286625	495123.6076	2.264686807
6.93	2.271063693	498709.2951	2.26548093
6.94	2.271840494	502315.73	2.266273817
6.95	2.272616229	505943.0021	2.267065472
6.96	2.2733885	509591.2016	2.267855901
6.97	2.274163347	513260.419	2.268645105
6.98	2.274919897	516950.7449	2.26943309
6.99	2.275701405	520662.2704	2.270219859
7	2.276468525	524395.0866	2.271005415
7.01	2.277239552	528149.285	2.271789763
7.02	2.277988109	531924.9574	2.272572906
7.03	2.278761357	535722.1957	2.273354848
7.04	2.279524214	539541.0923	2.274135592
7.05	2.280288314	543381.7397	2.274915143
7.06	2.281056499	547244.2306	2.275693504
7.07	2.281811007	551128.6581	2.276470678
7.08	2.282567024	555035.1155	2.27724667
7.09	2.283322242	558963.6965	2.278021483
7.1	2.284094069	562914.4949	2.27879512
7.11	2.284834988	566887.6047	2.279567585
7.12	2.285591005	570883.1204	2.280338882
7.13	2.286339207	574901.1367	2.281109013
7.14	2.28710153	578941.7483	2.281877984
7.15	2.287841472	583005.0506	2.282645797
7.16	2.288597134	587091.1389	2.283412455
7.17	2.289338319	591200.109	2.284177963
7.18	2.290093093	595332.0568	2.284942324
7.19	2.290846179	599487.0786	2.28570554
7.2	2.291589229	603665.2709	2.286467616
7.21	2.292340451	607866.7306	2.287228556
7.22	2.293095847	612091.5546	2.287988361
7.23	2.293829837	616339.8403	2.288747037
7.24	2.29457795	620611.6852	2.289504585
7.25	2.29531949	624907.1873	2.29026101
7.26	2.296057211	629226.4447	2.291016315
7.27	2.296795465	633569.5557	2.291770503
7.28	2.297531765	637936.6192	2.292523578
7.29	2.298266555	642327.7339	2.293275543
7.3	2.299002944	646742.9992	2.294026401
7.31	2.299724056	651182.5145	2.294776155
7.32	2.300453872	655646.3796	2.295524808
7.33	2.3012106	660134.6946	2.296272365
7.34	2.301928337	664647.5597	2.297018828
7.35	2.302664459	669185.0756	2.2977642
7.36	2.303389746	673747.343	2.298508485
7.37	2.304121427	678334.4633	2.299251685
7.38	2.304834101	682946.5377	2.299993805
7.39	2.305582036	687583.6679	2.300734846
7.4	2.306288671	692245.9559	2.301474812
7.41	2.307015201	696933.5041	2.302213707
7.42	2.30775381	701646.4148	2.302951534
7.43	2.308457869	706384.7908	2.303688295
7.44	2.309175695	711148.7353	2.304423993
7.45	2.309914215	715938.3516	2.305158632
7.46	2.310625824	720753.7433	2.305892216
7.47	2.311343561	725595.0144	2.306624745
7.48	2.312049485	730462.269	2.307356225
7.49	2.312779657	735355.6115	2.308086658
7.5	2.313489844	740275.1468	2.308816046
7.51	2.31420767	745220.9798	2.309544394
7.52	2.314913683	750193.2159	2.310271703
7.53	2.315623604	755191.9606	2.310997977
7.54	2.316349068	760217.3198	2.311723219
7.55	2.317056236	765269.3997	2.312447432
7.56	2.317779213	770348.3067	2.313170618
7.57	2.318464443	775454.1475	2.313892781
7.58	2.319183778	780587.029	2.314613924
7.59	2.319871051	785747.0587	2.315334048
7.6	2.320587988	790934.344	2.316053159
7.61	2.321297021	796148.9927	2.316771257
7.62	2.32199211	801391.1131	2.317488346
7.63	2.322708248	806660.8135	2.318204429
7.64	2.323414705	811958.2026	2.318919509
7.65	2.324100734	817283.3895	2.319633589
7.66	2.324811632	822636.4833	2.32034667
7.67	2.325507875	828017.5936	2.321058757
7.68	2.326189641	833426.8304	2.321769852
7.69	2.326908088	838864.3036	2.322479957
7.7	2.327593407	844330.1238	2.323189076
7.71	2.328284854	849824.4016	2.323897211
7.72	2.328996906	855347.248	2.324604365
7.73	2.329701498	860898.7743	2.325310541
7.74	2.33037003	866479.0921	2.326015741
7.75	2.331053572	872088.3132	2.326719968
7.76	2.331736848	877726.5498	2.327423224
7.77	2.332444193	883393.9143	2.328125514
7.78	2.333142035	889090.5194	2.328826838
7.79	2.333804794	894816.4782	2.3295272
7.8	2.334504501	900571.904	2.330226603
7.81	2.335190707	906356.9103	2.330925049
7.82	2.335880556	912171.6111	2.33162254
7.83	2.336567384	918016.1205	2.33231908
7.84	2.337262117	923890.553	2.33301467
7.85	2.337934113	929795.0234	2.333709314
7.86	2.338601757	935729.6468	2.334403015
7.87	2.339285654	941694.5384	2.335095773
7.88	2.339952587	947689.814	2.335787594
7.89	2.340646255	953715.5895	2.336478477
7.9	2.3413393	959771.9811	2.337168428
7.91	2.341996375	965859.1054	2.337857447
7.92	2.34268196	971977.0792	2.338545537
7.93	2.343355732	978126.0196	2.339232701
7.94	2.344028438	984306.044	2.339918942
7.95	2.344712424	990517.2701	2.340604262
7.96	2.345365946	996759.816	2.341288663
7.97	2.346046912	1003033.8	2.341972147
7.98	2.346706385	1009339.341	2.342654719
7.99	2.347390815	1015676.557	2.343336378
8	2.348067696	1022045.568	2.344017129
8.01	2.348736672	1028446.493	2.344696974
8.02	2.349390904	1034879.453	2.345375914
8.03	2.350050909	1041344.566	2.346053953
8.04	2.350716422	1047841.955	2.346731093
8.05	2.351381845	1054371.738	2.347407336
8.06	2.352040163	1060934.038	2.348082685
8.07	2.352711359	1067528.976	2.348757142
8.08	2.353383444	1074156.672	2.349430709
8.09	2.354053574	1080817.25	2.350103389
8.1	2.354682493	1087510.831	2.350775183
8.11	2.355381135	1094237.538	2.351446096
8.12	2.35601636	1100997.494	2.352116127
8.13	2.356689333	1107790.821	2.352785281
8.14	2.357320561	1114617.643	2.35345356
8.15	2.357977458	1121478.085	2.354120964
8.16	2.358648388	1128372.269	2.354787498
8.17	2.359297913	1135300.321	2.355453163
8.18	2.359958096	1142262.365	2.356117961
8.19	2.360612772	1149258.525	2.356781896
8.2	2.361253415	1156288.928	2.357444968
8.21	2.361912887	1163353.698	2.35810718
8.22	2.362574758	1170452.961	2.358768535
8.23	2.36322002	1177586.845	2.359429034
8.24	2.363872031	1184755.475	2.36008868
8.25	2.364502372	1191958.977	2.360747476
8.26	2.365154561	1199197.48	2.361405423
8.27	2.365808616	1206471.11	2.362062523
8.28	2.366443042	1213779.995	2.362718779
8.29	2.367106067	1221124.263	2.363374193
8.3	2.367728147	1228504.043	2.364028766
8.31	2.36839286	1235919.463	2.364682502
8.32	2.369018581	1243370.653	2.365335403
8.33	2.369666952	1250857.74	2.365987469
8.34	2.370304841	1258380.855	2.366638705
8.35	2.370957652	1265940.129	2.367289111
8.36	2.37158595	1273535.69	2.36793869
8.37	2.372217445	1281167.67	2.368587444
8.38	2.372862706	1288836.199	2.369235375
8.39	2.373488694	1296541.408	2.369882485
8.4	2.374143371	1304283.43	2.370528776
8.41	2.374755326	1312062.395	2.371174251
8.42	2.375421548	1319878.436	2.371818911
8.43	2.376035546	1327731.685	2.372462759
8.44	2.376671038	1335622.275	2.373105796
8.45	2.377308572	1343550.338	2.373748024
8.46	2.377938024	1351516.009	2.374389446
8.47	2.378557173	1359519.421	2.375030064
8.48	2.379216468	1367560.707	2.375669879
8.49	2.379839614	1375640.003	2.376308894
8.5	2.380466224	1383757.442	2.376947111
8.51	2.381087505	1391913.159	2.377584531
8.52	2.381705588	1400107.291	2.378221157
8.53	2.382343656	1408339.972	2.37885699
8.54	2.382958098	1416611.338	2.379492033
8.55	2.383577957	1424921.526	2.380126288
8.56	2.384210163	1433270.671	2.380759756
8.57	2.384846454	1441658.912	2.381392439
8.58	2.385448994	1450086.384	2.38202434
8.59	2.386087061	1458553.226	2.382655461
8.6	2.386704523	1467059.574	2.383285802
8.61	2.387312215	1475605.568	2.383915367
8.62	2.387945841	1484191.346	2.384544157
8.63	2.388569253	1492817.046	2.385172174
8.64	2.389189913	1501482.808	2.38579942
8.65	2.389790499	1510188.771	2.386425897
8.66	2.390411957	1518935.074	2.387051607
8.67	2.39103084	1527721.859	2.387676551
8.68	2.391625653	1536549.264	2.388300732
8.69	2.39226372	1545417.431	2.388924151
8.7	2.392869192	1554326.501	2.38954681
8.71	2.393477949	1563276.615	2.390168712
8.72	2.394096743	1572267.914	2.390789857
8.73	2.394701415	1581300.542	2.391410248
8.74	2.395315324	1590374.639	2.392029887
8.75	2.395934029	1599490.35	2.392648775
8.76	2.396528664	1608647.816	2.393266914
8.77	2.39714355	1617847.181	2.393884307
8.78	2.397743604	1627088.589	2.394500954
8.79	2.398372523	1636372.184	2.395116858
8.8	2.398964494	1645698.109	2.39573202
8.81	2.399593946	1655066.51	2.396346443
8.82	2.400183163	1664477.531	2.396960128
8.83	2.400788546	1673931.318	2.397573076
8.84	2.401376875	1683428.017	2.398185291
8.85	2.401999932	1692967.773	2.398796772
8.86	2.402588795	1702550.732	2.399407523
8.87	2.403212385	1712177.041	2.400017544
8.88	2.40380551	1721846.848	2.400626838
8.89	2.404379806	1731560.298	2.401235407
8.9	2.405006683	1741317.541	2.401843251
8.91	2.405598476	1751118.723	2.402450373
8.92	2.406170463	1760963.994	2.403056775
8.93	2.406781974	1770853.501	2.403662458
8.94	2.407366839	1780787.393	2.404267424
8.95	2.407994426	1790765.821	2.404871674
8.96	2.408575295	1800788.933	2.405475211
8.97	2.409194355	1810856.879	2.406078036
8.98	2.409777355	1820969.809	2.406680151
8.99	2.410407962	1831127.875	2.407281556
9	2.410925504	1841331.227	2.407882255
9.01	2.4115411	1851580.017	2.408482249
9.02	2.412123479	1861874.395	2.409081539
9.03	2.412710298	1872214.514	2.409680127
9.04	2.413293743	1882600.526	2.410278015
9.05	2.413912892	1893032.584	2.410875204
9.06	2.414504952	1903510.841	2.411471695
9.07	2.415087419	1914035.45	2.412067492
9.08	2.415653544	1924606.565	2.412662594
9.09	2.416253686	1935224.339	2.413257005
9.1	2.416844413	1945888.927	2.413850725
9.11	2.417399614	1956600.483	2.414443756
9.12	2.418002953	1967359.164	2.415036099
9.13	2.418614375	1978165.123	2.415627757
9.14	2.419197198	1989018.516	2.41621873
9.15	2.419760037	1999919.5	2.416809021
9.16	2.420358935	2010868.231	2.417398631
9.17	2.420945755	2021864.866	2.417987561
9.18	2.421516143	2032909.561	2.418575814
9.19	2.422085288	2044002.474	2.41916339
9.2	2.422668111	2055143.763	2.419750291
9.21	2.423244183	2066333.586	2.42033652
9.22	2.423816881	2077572.101	2.420922076
9.23	2.424366041	2088859.467	2.421506962
9.24	2.424955969	2100195.843	2.42209118
9.25	2.42554945	2111581.388	2.422674731
9.26	2.426124368	2123016.263	2.423257616
9.27	2.42671323	2134500.627	2.423839837
9.28	2.427256351	2146034.641	2.424421396
9.29	2.42784024	2157618.466	2.425002293
9.3	2.428406987	2169252.262	2.425582531
9.31	2.428975865	2180936.192	2.426162112
9.32	2.429546875	2192670.418	2.426741035
9.33	2.430138135	2204455.1	2.427319304
9.34	2.430724599	2216290.403	2.427896919
9.35	2.431302271	2228176.489	2.428473882
9.36	2.431861823	2240113.521	2.429050194
9.37	2.432411694	2252101.663	2.429625857
9.38	2.432966273	2264141.079	2.430200873
9.39	2.433584623	2276231.933	2.430775242
9.4	2.43411602	2288374.389	2.431348967
9.41	2.434698398	2300568.614	2.431922049
9.42	2.435237434	2312814.772	2.432494488
9.43	2.435797253	2325113.028	2.433066287
9.44	2.436397128	2337463.55	2.433637447
9.45	2.436911473	2349866.503	2.43420797
9.46	2.437521474	2362322.054	2.434777856
9.47	2.438066549	2374830.37	2.435347108
9.48	2.438605406	2387391.619	2.435915727
9.49	2.439195512	2400005.969	2.436483713
9.5	2.439744584	2412673.587	2.43705107
9.51	2.44030991	2425394.643	2.437617797
9.52	2.440832958	2438169.305	2.438183896
9.53	2.441439406	2450997.743	2.438749369
9.54	2.441973912	2463880.125	2.439314217
9.55	2.442530711	2476816.623	2.439878442
9.56	2.443092928	2489807.406	2.440442044
9.57	2.443632408	2502852.646	2.441005026
9.58	2.444238145	2515952.512	2.441567389
9.59	2.444806224	2529107.177	2.442129133
9.6	2.44531364	2542316.812	2.442690261
9.61	2.445882341	2555581.59	2.443250773
9.62	2.4464061	2568901.682	2.443810671
9.63	2.446945224	2582277.263	2.444369957
9.64	2.447543324	2595708.504	2.444928631
9.65	2.44805296	2609195.579	2.445486696
9.66	2.448611447	2622738.663	2.446044152
9.67	2.449182812	2636337.93	2.446601
9.68	2.449734104	2649993.554	2.447157243
9.69	2.450278647	2663705.71	2.447712881
9.7	2.450825853	2677474.574	2.448267915
9.71	2.451363645	2691300.321	2.448822348
9.72	2.451951975	2705183.127	2.44937618
9.73	2.452470849	2719123.17	2.449929412
9.74	2.453032177	2733120.625	2.450482047
9.75	2.453558867	2747175.67	2.451034084
9.76	2.454130676	2761288.482	2.451585526
9.77	2.454661807	2775459.24	2.452136374
9.78	2.455209103	2789688.121	2.452686629
9.79	2.455752757	2803975.304	2.453236292
9.8	2.456271186	2818320.969	2.453785364
9.81	2.456807202	2832725.294	2.454333848
9.82	2.457341797	2847188.46	2.454881744
9.83	2.457923021	2861710.645	2.455429053
9.84	2.458461967	2876292.032	2.455975776
9.85	2.459012549	2890932.8	2.456521916
9.86	2.459549542	2905633.132	2.457067473
9.87	2.460070103	2920393.207	2.457612448
9.88	2.460618642	2935213.21	2.458156842
9.89	2.461151549	2950093.32	2.458700658
9.9	2.461676907	2965033.723	2.459243895
9.91	2.462216653	2980034.599	2.459786556
9.92	2.462758442	2995096.134	2.460328642
9.93	2.463281135	3010218.51	2.460870153
9.94	2.463860227	3025401.911	2.461411091
9.95	2.464393045	3040646.524	2.461951458
9.96	2.464883408	3055952.531	2.462491253
9.97	2.465424487	3071320.119	2.46303048
9.98	2.465921689	3086749.473	2.463569138
9.99	2.466491988	3102240.779	2.464107229
10	2.466996207	3117794.223	2.464644755
