0.00,1.0945537
0.01,1.0961864
0.02,1.0978190
0.03,1.0994517
0.04,1.1010844
0.05,1.1027171
0.06,1.1043498
0.07,1.1059825
0.08,1.1076152
0.09,1.1092479
0.10,1.1108805
0.11,1.1125132
0.12,1.1141459
0.13,1.1157786
0.14,1.1174113
0.15,1.1190440
0.16,1.1206767
0.17,1.1223094
0.18,1.1239420
0.19,1.1255747
0.20,1.1272074
0.21,1.1288401
0.22,1.1304728
0.23,1.1321055
0.24,1.1337382
0.25,1.1353708
0.26,1.1370035
0.27,1.1386362
0.28,1.1402689
0.29,1.1419016
0.30,1.1435343
0.31,1.1451670
0.32,1.1467997
0.33,1.1484323
0.34,1.1500650
0.35,1.1516977
0.36,1.1533304
0.37,1.1549631
0.38,1.1565958
0.39,1.1582285
0.40,1.1598612
0.41,1.1614938
0.42,1.1631265
0.43,1.1647592
0.44,1.1663919
0.45,1.1680246
0.46,1.1696573
0.47,1.1712900
0.48,1.1729227
0.49,1.1745553
0.50,1.1761880
0.51,1.1778207
0.52,1.1794534
0.53,1.1810861
0.54,1.1827188
0.55,1.1843515
0.56,1.1859841
0.57,1.1876168
0.58,1.1892495
0.59,1.1908822
0.60,1.1925149
0.61,1.1941476
0.62,1.1957803
0.63,1.197413]
0.64,1.1990456
0.65,1.2006783
0.66,1.2023110
0.67,1.2039437
0.68,1.2055764
0.69,1.2072091
0.70,1.2088418
0.71,1.2104745
0.72,1.2121071
0.73,1.2137398
0.74,1.2153725
0.75,1.2170052
0.76,1.2186379
0.77,1.2202706
0.78,1.2219033
0.79,1.2235359
0.80,1.2251686
0.81,1.2268013
0.82,1.2284340
0.83,1.2300667
0.84,1.2316994
0.85,1.2333321
0.86,1.2349648
0.87,1.2365974
0.88,1.2382301
0.89,1.2398628
0.90,1.2414955
0.91,1.2431282
0.92,1.2447609
0.93,1.2463936
0.94,1.2480263
0.95,1.2496589
0.96,1.2512916
0.97,1.2529243
0.98,1.2545570
0.99,1.2561897
1.00,1.2578224
1.01,1.2594551
1.02,1.2610877
1.03,1.2627204
1.04,1.2643531
1.05,1.2659858
1.06,1.2676185
1.07,1.2692512
1.08,1.2708839
1.09,1.2725166
1.10,1.2741492
1.11,1.2757819
1.12,1.2774146
1.13,1.2790473
1.14,1.2806800
1.15,1.2823127
1.16,1.2839454
1.17,1.2855781
1.18,1.2872107
1.19,1.2888434
1.20,1.2904761
1.21,1.2921088
1.22,1.2937415
1.23,1.2953742
1.24,1.2970069
1.25,1.2986395
1.26,1.3002722
1.27,1.3019049
1.28,1.3035376
1.29,1.3051703
1.30,1.3068030
1.31,1.3084357
1.32,1.3100684
1.33,1.3117010
1.34,1.3133337
1.35,1.3149664
1.36,1.3165991
1.37,1.3182318
1.38,1.3198645
1.39,1.3214972
1.40,1.3231299
1.41,1.3247625
1.42,1.3263952
1.43,1.3280279
1.44,1.3296606
1.45,1.3312933
1.46,1.3329260
1.47,1.3345587
1.48,1.3361914
1.49,1.3378240
1.50,1.3394567
1.51,1.3410894
1.52,1.3427221
1.53,1.3443548
1.54,1.3459875
1.55,1.3476202
1.56,1.3492528
1.57,1.3508855
1.58,1.3525182
1.59,1.3541509
1.60,1.3557836
1.61,1.3574163
1.62,1.3590490
1.63,1.3606817
1.64,1.3623143
1.65,1.3639470
1.66,1.3655797
1.67,1.3672124
1.68,1.3688451
1.69,1.3704778
1.70,1.3721105
1.71,1.3737432
1.72,1.3753758
1.73,1.3770085
1.74,1.3786412
1.75,1.3802739
1.76,1.3819066
1.77,1.3835393
1.78,1.3851720
1.79,1.3868046
1.80,1.3884373
1.81,1.3900700
1.82,1.3917027
1.83,1.3933354
1.84,1.3949681
1.85,1.3966008
1.86,1.3982335
1.87,1.3998661
1.88,1.4014988
1.89,1.4031315
1.90,1.4047642
1.91,1.4063969
1.92,1.4080296
1.93,1.4096623
1.94,1.411295]
1.95,1.4129276
1.96,1.4145603
1.97,1.4161930
1.98,1.4178257
1.99,1.4194584
2.00,1.4210911
2.01,1.4227238
2.02,1.4243564
2.03,1.4259891
2.04,1.4276218
2.05,1.4292545
2.06,1.4308872
2.07,1.4325199
2.08,1.4341526
2.09,1.4357853
2.10,1.4374179
2.11,1.4390506
2.12,1.4406833
2.13,1.4423160
2.14,1.4439487
2.15,1.4455814
2.16,1.4472141
2.17,1.4488468
2.18,1.4504794
2.19,1.4521121
2.20,1.4537448
2.21,1.4553775
2.22,1.4570102
2.23,1.4586429
2.24,1.4602756
2.25,1.4619083
2.26,1.4635409
2.27,1.4651736
2.28,1.4668063
2.29,1.4684390
2.30,1.4700717
2.31,1.4717044
2.32,1.4733371
2.33,1.4749697
2.34,1.4766024
2.35,1.4782351
2.36,1.4798678
2.37,1.4815005
2.38,1.4831332
2.39,1.4847659
2.40,1.4863986
2.41,1.4880312
2.42,1.4896639
2.43,1.4912966
2.44,1.4929293
2.45,1.4945620
2.46,1.4961947
2.47,1.4978274
2.48,1.4994601
2.49,1.5010927
2.50,1.5027254
2.51,1.5043581
2.52,1.5059908
2.53,1.5076235
2.54,1.5092562
2.55,1.5108889
2.56,1.5125215
2.57,1.5141542
2.58,1.5157869
2.59,1.5174196
2.60,1.5190523
2.61,1.5206850
2.62,1.5223177
2.63,1.5239504
2.64,1.5255830
2.65,1.5272157
2.66,1.5288484
2.67,1.5304811
2.68,1.5321138
2.69,1.5337465
2.70,1.5353792
2.71,1.5370119
2.72,1.5386445
2.73,1.5402772
2.74,1.5419099
2.75,1.5435426
2.76,1.5451753
2.77,1.5468080
2.78,1.5484407
2.79,1.5500733
2.80,1.5517060
2.81,1.5533387
2.82,1.5549714
2.83,1.5566041
2.84,1.5582368
2.85,1.5598695
2.86,1.5615022
2.87,1.5631348
2.88,1.5647675
2.89,1.5664002
2.90,1.5680329
2.91,1.5696656
2.92,1.5712983
2.93,1.5729310
2.94,1.5745637
2.95,1.5761963
2.96,1.5778290
2.97,1.5794617
2.98,1.5810944
2.99,1.5827271
3.00,1.5843598
3.01,1.5859925
3.02,1.5876251
3.03,1.5892578
3.04,1.5908905
3.05,1.5925232
3.06,1.5941559
3.07,1.5957886
3.08,1.5974213
3.09,1.599054]
3.10,1.6006866
3.11,1.6023193
3.12,1.6039520
3.13,1.6055847
3.14,1.6072174
3.15,1.6088501
3.16,1.6104828
3.17,1.6121155
3.18,1.6137481
3.19,1.6153808
3.20,1.6170135
3.21,1.6186462
3.22,1.6202789
3.23,1.6219116
3.24,1.6235443
3.25,1.625177]
3.26,1.6268096
3.27,1.6284423
3.28,1.6300750
3.29,1.6317077
3.30,1.6333404
3.31,1.6349731
3.32,1.6366058
3.33,1.6382384
3.34,1.6398711
3.35,1.6415038
3.36,1.6431365
3.37,1.6447692
3.38,1.6464019
3.39,1.6480346
3.40,1.6496673
3.41,1.6512999
3.42,1.6529326
3.43,1.6545653
3.44,1.6561980
3.45,1.6578307
3.46,1.6594634
3.47,1.6610961
3.48,1.6627288
3.49,1.6643614
3.50,1.6659941
3.51,1.6676268
3.52,1.6692595
3.53,1.6708922
3.54,1.6725249
3.55,1.6741576
3.56,1.6757902
3.57,1.6774229
3.58,1.6790556
3.59,1.6806883
3.60,1.6823210
3.61,1.6839537
3.62,1.6855864
3.63,1.6872191
3.64,1.6888517
3.65,1.6904844
3.66,1.6921171
3.67,1.6937498
3.68,1.6953825
3.69,1.6970152
3.70,1.6986479
3.71,1.7002806
3.72,1.7019132
3.73,1.7035459
3.74,1.7051786
3.75,1.7068113
3.76,1.7084440
3.77,1.7100767
3.78,1.7117094
3.79,1.7133420
3.80,1.7149747
3.81,1.7166074
3.82,1.7182401
3.83,1.7198728
3.84,1.7215055
3.85,1.7231382
3.86,1.7247709
3.87,1.7264035
3.88,1.7280362
3.89,1.7296689
3.90,1.7313016
3.91,1.7329343
3.92,1.7345670
3.93,1.7361997
3.94,1.7378324
3.95,1.7394650
3.96,1.7410977
3.97,1.7427304
3.98,1.7443631
3.99,1.7459958
4.00,1.7476285
4.01,1.7492612
4.02,1.7508939
4.03,1.7525265
4.04,1.7541592
4.05,1.7557919
4.06,1.7574246
4.07,1.7590573
4.08,1.7606900
4.09,1.7623227
4.10,1.7639553
4.11,1.7655880
4.12,1.7672207
4.13,1.7688534
4.14,1.7704861
4.15,1.7721188
4.16,1.7737515
4.17,1.7753842
4.18,1.7770168
4.19,1.7786495
4.20,1.7802822
4.21,1.7819149
4.22,1.7835476
4.23,1.7851803
4.24,1.7868130
4.25,1.7884457
4.26,1.7900783
4.27,1.7917110
4.28,1.7933437
4.29,1.7949764
4.30,1.7966091
4.31,1.7982418
4.32,1.7998745
4.33,1.8015071
4.34,1.8031398
4.35,1.8047725
4.36,1.8064052
4.37,1.8080379
4.38,1.8096706
4.39,1.8113033
4.40,1.812936]
4.41,1.8145686
4.42,1.8162013
4.43,1.8178340
4.44,1.8194667
4.45,1.8210994
4.46,1.8227321
4.47,1.8243648
4.48,1.8259975
4.49,1.8276301
4.50,1.8292628
4.51,1.8308955
4.52,1.8325282
4.53,1.8341609
4.54,1.8357936
4.55,1.8374263
4.56,1.8390589
4.57,1.8406916
4.58,1.8423243
4.59,1.8439570
4.60,1.8455897
4.61,1.8472224
4.62,1.8488551
4.63,1.8504878
4.64,1.8521204
4.65,1.8537531
4.66,1.8553858
4.67,1.8570185
4.68,1.8586512
4.69,1.8602839
4.70,1.8619166
4.71,1.8635493
4.72,1.8651819
4.73,1.8668146
4.74,1.8684473
4.75,1.8700800
4.76,1.8717127
4.77,1.8733454
4.78,1.8749781
4.79,1.8766107
4.80,1.8782434
4.81,1.8798761
4.82,1.8815088
4.83,1.8831415
4.84,1.8847742
4.85,1.8864069
4.86,1.8880396
4.87,1.8896722
4.88,1.8913049
4.89,1.8929376
4.90,1.8945703
4.91,1.8962030
4.92,1.8978357
4.93,1.8994684
4.94,1.9011011
4.95,1.9027337
4.96,1.9043664
4.97,1.9059991
4.98,1.9076318
4.99,1.9092645
5.00,1.9108972
5.01,1.9125299
5.02,1.9141626
5.03,1.9157952
5.04,1.9174279
5.05,1.9190606
5.06,1.9206933
5.07,1.9223260
5.08,1.9239587
5.09,1.9255914
5.10,1.9272240
5.11,1.9288567
5.12,1.9304894
5.13,1.9321221
5.14,1.9337548
5.15,1.9353875
5.16,1.9370202
5.17,1.9386529
5.18,1.9402855
5.19,1.9419182
5.20,1.9435509
5.21,1.9451836
5.22,1.9468163
5.23,1.9484490
5.24,1.9500817
5.25,1.9517144
5.26,1.9533470
5.27,1.9549797
5.28,1.9566124
5.29,1.9582451
5.30,1.9598778
5.31,1.9615105
5.32,1.9631432
5.33,1.9647758
5.34,1.9664085
5.35,1.9680412
5.36,1.9696739
5.37,1.9713066
5.38,1.9729393
5.39,1.9745720
5.40,1.9762047
5.41,1.9778373
5.42,1.9794700
5.43,1.9811027
5.44,1.9827354
5.45,1.9843681
5.46,1.9860008
5.47,1.9876335
5.48,1.9892662
5.49,1.9908988
5.50,1.9925315
5.51,1.9941642
5.52,1.9957969
5.53,1.9974296
5.54,1.9990623
5.55,2.0006950
5.56,2.0023276
5.57,2.0039603
5.58,2.0055930
5.59,2.0072257
5.60,2.0088584
5.61,2.0104911
5.62,2.0121238
5.63,2.0137565
5.64,2.0153891
5.65,2.0170218
5.66,2.0186545
5.67,2.0202872
5.68,2.0219199
5.69,2.0235526
5.70,2.0251853
5.71,2.026818]
5.72,2.0284506
5.73,2.0300833
5.74,2.0317160
5.75,2.0333487
5.76,2.0349814
5.77,2.0366141
5.78,2.0382468
5.79,2.0398795
5.80,2.0415121
5.81,2.0431448
5.82,2.0447775
5.83,2.0464102
5.84,2.0480429
5.85,2.0496756
5.86,2.0513083
5.87,2.0529409
5.88,2.0545736
5.89,2.0562063
5.90,2.0578390
5.91,2.0594717
5.92,2.0611044
5.93,2.0627371
5.94,2.0643698
5.95,2.0660024
5.96,2.0676351
5.97,2.0692678
5.98,2.0709005
5.99,2.0725332
6.00,2.0741659
6.01,2.0757986
6.02,2.0774313
6.03,2.0790639
6.04,2.0806966
6.05,2.0823293
6.06,2.0839620
6.07,2.0855947
6.08,2.0872274
6.09,2.0888601
6.10,2.0904927
6.11,2.0921254
6.12,2.0937581
6.13,2.0953908
6.14,2.0970235
6.15,2.0986562
6.16,2.1002889
6.17,2.1019216
6.18,2.1035542
6.19,2.1051869
6.20,2.1068196
6.21,2.1084523
6.22,2.1100850
6.23,2.1117177
6.24,2.1133504
6.25,2.1149831
6.26,2.1166157
6.27,2.1182484
6.28,2.1198811
6.29,2.1215138
6.30,2.1231465
6.31,2.1247792
6.32,2.1264119
6.33,2.1280445
6.34,2.1296772
6.35,2.1313099
6.36,2.1329426
6.37,2.1345753
6.38,2.1362080
6.39,2.1378407
6.40,2.1394734
6.41,2.1411060
6.42,2.1427387
6.43,2.1443714
6.44,2.1460041
6.45,2.1476368
6.46,2.1492695
6.47,2.1509022
6.48,2.1525349
6.49,2.1541675
6.50,2.1558002
6.51,2.1574329
6.52,2.1590656
6.53,2.1606983
6.54,2.1623310
6.55,2.1639637
6.56,2.1655963
6.57,2.1672290
6.58,2.1688617
6.59,2.1704944
6.60,2.1721271
6.61,2.1737598
6.62,2.1753925
6.63,2.1770252
6.64,2.1786578
6.65,2.1802905
6.66,2.1819232
6.67,2.1835559
6.68,2.1851886
6.69,2.1868213
6.70,2.1884540
6.71,2.1900867
6.72,2.1917193
6.73,2.1933520
6.74,2.1949847
6.75,2.1966174
6.76,2.1982501
6.77,2.1998828
6.78,2.2015155
6.79,2.2031482
6.80,2.2047808
6.81,2.2064135
6.82,2.2080462
6.83,2.2096789
6.84,2.2113116
6.85,2.2129443
6.86,2.2145770
6.87,2.2162096
6.88,2.2178423
6.89,2.2194750
6.90,2.2211077
6.91,2.2227404
6.92,2.2243731
6.93,2.2260058
6.94,2.2276385
6.95,2.2292711
6.96,2.2309038
6.97,2.2325365
6.98,2.2341692
6.99,2.2358019
7.00,2.2374346
7.01,2.2390673
7.02,2.2407]
7.03,2.2423326
7.04,2.2439653
7.05,2.2455980
7.06,2.2472307
7.07,2.2488634
7.08,2.2504961
7.09,2.2521288
7.10,2.2537614
7.11,2.2553941
7.12,2.2570268
7.13,2.2586595
7.14,2.2602922
7.15,2.2619249
7.16,2.2635576
7.17,2.2651903
7.18,2.2668229
7.19,2.2684556
7.20,2.2700883
7.21,2.2717210
7.22,2.2733537
7.23,2.2749864
7.24,2.2766191
7.25,2.2782518
7.26,2.2798844
7.27,2.2815171
7.28,2.2831498
7.29,2.2847825
7.30,2.2864152
7.31,2.2880479
7.32,2.2896806
7.33,2.2913132
7.34,2.2929459
7.35,2.2945786
7.36,2.2962113
7.37,2.2978440
7.38,2.2994767
7.39,2.3011094
7.40,2.3027421
7.41,2.3043747
7.42,2.3060074
7.43,2.3076401
7.44,2.3092728
7.45,2.3109055
7.46,2.3125382
7.47,2.3141709
7.48,2.3158036
7.49,2.3174362
7.50,2.3190689
7.51,2.3207016
7.52,2.3223343
7.53,2.3239670
7.54,2.3255997
7.55,2.3272324
7.56,2.3288651
7.57,2.3304977
7.58,2.3321304
7.59,2.3337631
7.60,2.3353958
7.61,2.3370285
7.62,2.3386612
7.63,2.3402939
7.64,2.3419265
7.65,2.3435592
7.66,2.3451919
7.67,2.3468246
7.68,2.3484573
7.69,2.3500900
7.70,2.3517227
7.71,2.3533554
7.72,2.3549880
7.73,2.3566207
7.74,2.3582534
7.75,2.3598861
7.76,2.3615188
7.77,2.3631515
7.78,2.3647842
7.79,2.3664169
7.80,2.3680495
7.81,2.3696822
7.82,2.3713149
7.83,2.3729476
7.84,2.3745803
7.85,2.3762130
7.86,2.3778457
7.87,2.3794783
7.88,2.3811110
7.89,2.3827437
7.90,2.3843764
7.91,2.3860091
7.92,2.3876418
7.93,2.3892745
7.94,2.3909072
7.95,2.3925398
7.96,2.3941725
7.97,2.3958052
7.98,2.3974379
7.99,2.3990706
8.00,2.4007033
8.01,2.4023360
8.02,2.4039687
8.03,2.4056013
8.04,2.4072340
8.05,2.4088667
8.06,2.4104994
8.07,2.4121321
8.08,2.4137648
8.09,2.4153975
8.10,2.4170301
8.11,2.4186628
8.12,2.4202955
8.13,2.4219282
8.14,2.4235609
8.15,2.4251936
8.16,2.4268263
8.17,2.428459]
8.18,2.4300916
8.19,2.4317243
8.20,2.4333570
8.21,2.4349897
8.22,2.4366224
8.23,2.4382551
8.24,2.4398878
8.25,2.4415205
8.26,2.4431531
8.27,2.4447858
8.28,2.4464185
8.29,2.4480512
8.30,2.4496839
8.31,2.4513166
8.32,2.4529493
8.33,2.454582]
8.34,2.4562146
8.35,2.4578473
8.36,2.4594800
8.37,2.4611127
8.38,2.4627454
8.39,2.4643781
8.40,2.4660108
8.41,2.4676434
8.42,2.4692761
8.43,2.4709088
8.44,2.4725415
8.45,2.4741742
8.46,2.4758069
8.47,2.4774396
8.48,2.4790723
8.49,2.4807049
8.50,2.4823376
8.51,2.4839703
8.52,2.4856030
8.53,2.4872357
8.54,2.4888684
8.55,2.4905011
8.56,2.4921338
8.57,2.4937664
8.58,2.4953991
8.59,2.4970318
8.60,2.4986645
8.61,2.5002972
8.62,2.5019299
8.63,2.5035626
8.64,2.5051952
8.65,2.5068279
8.66,2.5084606
8.67,2.5100933
8.68,2.5117260
8.69,2.5133587
8.70,2.5149914
8.71,2.5166241
8.72,2.5182567
8.73,2.5198894
8.74,2.5215221
8.75,2.5231548
8.76,2.5247875
8.77,2.5264202
8.78,2.5280529
8.79,2.5296856
8.80,2.5313182
8.81,2.5329509
8.82,2.5345836
8.83,2.5362163
8.84,2.5378490
8.85,2.5394817
8.86,2.5411144
8.87,2.5427470
8.88,2.5443797
8.89,2.5460124
8.90,2.5476451
8.91,2.5492778
8.92,2.5509105
8.93,2.5525432
8.94,2.5541759
8.95,2.5558085
8.96,2.5574412
8.97,2.5590739
8.98,2.5607066
8.99,2.5623393
9.00,2.5639720
9.01,2.5656047
9.02,2.5672374
9.03,2.5688700
9.04,2.5705027
9.05,2.5721354
9.06,2.5737681
9.07,2.5754008
9.08,2.5770335
9.09,2.5786662
9.10,2.5802988
9.11,2.5819315
9.12,2.5835642
9.13,2.5851969
9.14,2.5868296
9.15,2.5884623
9.16,2.5900950
9.17,2.5917277
9.18,2.5933603
9.19,2.5949930
9.20,2.5966257
9.21,2.5982584
9.22,2.5998911
9.23,2.6015238
9.24,2.6031565
9.25,2.6047892
9.26,2.6064218
9.27,2.6080545
9.28,2.6096872
9.29,2.6113199
9.30,2.6129526
9.31,2.6145853
9.32,2.6162180
9.33,2.6178507
9.34,2.6194833
9.35,2.6211160
9.36,2.6227487
9.37,2.6243814
9.38,2.6260141
9.39,2.6276468
9.40,2.6292795
9.41,2.6309121
9.42,2.6325448
9.43,2.6341775
9.44,2.6358102
9.45,2.6374429
9.46,2.6390756
9.47,2.6407083
9.48,2.642341]
9.49,2.6439736
9.50,2.6456063
9.51,2.6472390
9.52,2.6488717
9.53,2.6505044
9.54,2.6521371
9.55,2.6537698
9.56,2.6554025
9.57,2.6570351
9.58,2.6586678
9.59,2.6603005
9.60,2.6619332
9.61,2.6635659
9.62,2.6651986
9.63,2.6668313
9.64,2.6684639
9.65,2.6700966
9.66,2.6717293
9.67,2.6733620
9.68,2.6749947
9.69,2.6766274
9.70,2.6782601
9.71,2.6798928
9.72,2.6815254
9.73,2.6831581
9.74,2.6847908
9.75,2.6864235
9.76,2.6880562
9.77,2.6896889
9.78,2.6913216
9.79,2.6929543
9.80,2.6945869
9.81,2.6962196
9.82,2.6978523
9.83,2.6994850
9.84,2.7011177
9.85,2.7027504
9.86,2.7043831
9.87,2.7060157
9.88,2.7076484
9.89,2.7092811
9.90,2.7109138
9.91,2.7125465
9.92,2.7141792
9.93,2.7158119
9.94,2.7174446
9.95,2.7190772
9.96,2.7207099
9.97,2.7223426
9.98,2.7239753
9.99,2.7256080
