0.01	0.337404186	0.333415596	-15.2489746
0.02	0.33765019	0.333662582	-7.51132431
0.03	0.338060848	0.334074888	-4.933066655
0.04	0.338637172	0.334653543	-3.642321545
0.05	0.339380663	0.335400053	-2.865936165
0.06	0.340293424	0.336316466	-2.346486951
0.07	0.341378385	0.337405456	-1.973750376
0.08	0.342639574	0.338670426	-1.692656689
0.09	0.344082245	0.340115631	-1.472631417
0.1	0.345712603	0.341746316	-1.295340086
0.11	0.347537119	0.343568875	-1.149120905
0.12	0.349561627	0.345591031	-1.02620257
0.13	0.351790466	0.34782203	-0.921206865
0.14	0.354225856	0.350272858	-0.830293377
0.15	0.356867595	0.352956471	-0.750646531
0.16	0.359713049	0.355888051	-0.680155102
0.17	0.362757366	0.359085276	-0.617204907
0.18	0.365993831	0.362568609	-0.560540646
0.19	0.36941428	0.366361608	-0.509171398
0.2	0.373009524	0.370491251	-0.462304483
0.21	0.37676973	0.374988283	-0.419298238
0.22	0.380684755	0.379887581	-0.379627673
0.23	0.384744411	0.385228537	-0.342859093
0.24	0.388938676	0.391055459	-0.308631076
0.25	0.393257845	0.397417992	-0.276640005
0.26	0.397692635	0.404371558	-0.246628953
0.27	0.402234256	0.411977814	-0.218379032
0.28	0.406874445	0.420305127	-0.191702598
0.29	0.411605487	0.429429072	-0.166437867
0.3	0.416420205	0.439432943	-0.142444599
0.31	0.421311957	0.45040829	-0.119600629
0.32	0.426274606	0.462455464	-0.097799037
0.33	0.4313025	0.475684196	-0.076945845
0.34	0.436390436	0.490214176	-0.056958108
0.35	0.441533637	0.506175669	-0.037762342
0.36	0.446727716	0.523710136	-0.01929321
0.37	0.451968648	0.542970881	-0.00149242
0.38	0.457252739	0.564123714	0.0156922
0.39	0.462576604	0.587347635	0.032307486
0.4	0.467937134	0.612835532	0.048395605
0.41	0.473331478	0.640794903	0.063994624
0.42	0.478757017	0.671448593	0.079138997
0.43	0.484211348	0.705035552	0.093859986
0.44	0.48969226	0.741811611	0.108186022
0.45	0.495197723	0.782050276	0.12214302
0.46	0.500725866	0.826043542	0.13575465
0.47	0.506274969	0.874102723	0.149042579
0.48	0.511843445	0.926559302	0.162026677
0.49	0.517429833	0.983765806	0.174725199
0.5	0.523032783	1.046096687	0.18715495
0.51	0.528651049	1.113949233	0.199331424
0.52	0.534283479	1.187744489	0.211268928
0.53	0.539929009	1.267928207	0.2229807
0.54	0.545586654	1.354971806	0.234479
0.55	0.551255499	1.449373349	0.245775205
0.56	0.5569347	1.551658551	0.256879885
0.57	0.562623472	1.662381793	0.267802871
0.58	0.568321085	1.78212716	0.278553326
0.59	0.574026864	1.911509497	0.289139793
0.6	0.579740179	2.051175486	0.299570251
0.61	0.585460446	2.201804737	0.30985216
0.62	0.591187121	2.364110901	0.319992506
0.63	0.596919696	2.538842803	0.32999783
0.64	0.6026577	2.726785589	0.339874273
0.65	0.608400692	2.928761895	0.3496276
0.66	0.61414826	3.145633035	0.35926323
0.67	0.619900022	3.378300206	0.368786261
0.68	0.62565562	3.627705713	0.378201496
0.69	0.631414718	3.89483421	0.387513461
0.7	0.637177005	4.180713966	0.396726429
0.71	0.642942187	4.486418141	0.405844432
0.72	0.64870999	4.813066089	0.414871281
0.73	0.654480159	5.161824673	0.423810584
0.74	0.660252453	5.533909603	0.432665753
0.75	0.666026648	5.93058679	0.441440021
0.76	0.671802532	6.353173724	0.450136455
0.77	0.677579909	6.803040861	0.458757962
0.78	0.683358592	7.281613038	0.467307305
0.79	0.689138407	7.790370902	0.475787107
0.8	0.694919193	8.33085236	0.484199861
0.81	0.700700794	8.904654043	0.492547943
0.82	0.706483069	9.513432797	0.500833609
0.83	0.71226588	10.15890718	0.509059014
0.84	0.718049102	10.84285901	0.517226206
0.85	0.723832615	11.56713485	0.525337144
0.86	0.729616308	12.33364765	0.533393692
0.87	0.735400074	13.14437826	0.541397635
0.88	0.741183814	14.00137705	0.549350674
0.89	0.746967437	14.90676553	0.557254437
0.9	0.752750853	15.86273801	0.56511048
0.91	0.758533981	16.87156319	0.572920294
0.92	0.764316889	17.9355859	0.580685304
0.93	0.770099213	19.05722875	0.588406875
0.94	0.77588103	20.23899386	0.596086317
0.95	0.781662275	21.48346459	0.603724884
0.96	0.787442889	22.79330727	0.611323779
0.97	0.793222814	24.17127297	0.618884159
0.98	0.799001997	25.62019933	0.626407131
0.99	0.804780388	27.14301228	0.63389376
1	0.810557939	28.74272795	0.64134507
1.01	0.816334607	30.42245443	0.648762045
1.02	0.822110349	32.18539372	0.65614563
1.03	0.827885126	34.03484353	0.663496736
1.04	0.833658902	35.9741992	0.670816238
1.05	0.839431642	38.00695564	0.67810498
1.06	0.845203315	40.13670924	0.685363774
1.07	0.850973889	42.36715984	0.692593403
1.08	0.856743337	44.7021127	0.69979462
1.09	0.862511631	47.14548045	0.706968155
1.1	0.868278748	49.70128518	0.714114708
1.11	0.874044663	52.37366038	0.721234955
1.12	0.879809356	55.16685306	0.728329552
1.13	0.885572806	58.08522578	0.735399128
1.14	0.891334994	61.13325873	0.742444294
1.15	0.897095902	64.31555185	0.749465637
1.16	0.902855515	67.63682693	0.756463728
1.17	0.908613817	71.10192979	0.763439116
1.18	0.914370795	74.7158324	0.770392333
1.19	0.920126434	78.48363505	0.777323895
1.2	0.925880724	82.41056862	0.784234298
1.21	0.931633652	86.50199669	0.791124026
1.22	0.93738521	90.76341786	0.797993545
1.23	0.943135387	95.20046796	0.804843308
1.24	0.948884175	99.81892233	0.811673751
1.25	0.954631567	104.6246981	0.8184853
1.26	0.960377555	109.6238566	0.825278366
1.27	0.966122132	114.8226054	0.832053348
1.28	0.971865294	120.227301	0.838810632
1.29	0.977607035	125.8444511	0.845550594
1.3	0.98334735	131.6807167	0.852273597
1.31	0.989086236	137.7429151	0.858979996
1.32	0.994823689	144.0380216	0.865670132
1.33	1.000559706	150.5731724	0.87234434
1.34	1.006294285	157.3556671	0.879002941
1.35	1.012027423	164.3929708	0.885646252
1.36	1.017759119	171.692717	0.892274576
1.37	1.023489372	179.2627099	0.89888821
1.38	1.029218181	187.1109269	0.905487444
1.39	1.034945545	195.2455213	0.912072557
1.4	1.040671465	203.6748248	0.918643821
1.41	1.04639594	212.40735	0.925201504
1.42	1.052118971	221.4517932	0.931745861
1.43	1.057840558	230.8170367	0.938277145
1.44	1.063560704	240.512152	0.944795601
1.45	1.069279409	250.5464019	0.951301465
1.46	1.074996674	260.9292434	0.95779497
1.47	1.080712502	271.6703305	0.964276341
1.48	1.086426895	282.7795168	0.970745799
1.49	1.092139854	294.2668583	0.977203557
1.5	1.097851383	306.142616	0.983649824
1.51	1.103561484	318.417259	0.990084804
1.52	1.109270159	331.1014669	0.996508695
1.53	1.114977412	344.206133	1.00292169
1.54	1.120683246	357.7423667	1.009323978
1.55	1.126387664	371.7214968	1.015715743
1.56	1.13209067	386.1550742	1.022097163
1.57	1.137792267	401.0548745	1.028468415
1.58	1.143492458	416.4329013	1.034829668
1.59	1.149191248	432.3013891	1.041181091
1.6	1.154888641	448.672806	1.047522844
1.61	1.16058464	465.5598567	1.053855088
1.62	1.16627925	482.9754858	1.060177977
1.63	1.171972475	500.9328804	1.066491663
1.64	1.177664319	519.4454733	1.072796293
1.65	1.183354787	538.5269461	1.079092013
1.66	1.189043883	558.1912321	1.085378964
1.67	1.194731611	578.4525196	1.091657284
1.68	1.200417977	599.3252548	1.097927107
1.69	1.206102984	620.8241448	1.104188566
1.7	1.211786638	642.9641612	1.110441789
1.71	1.217468943	665.7605426	1.116686903
1.72	1.223149905	689.2287985	1.122924032
1.73	1.228829528	713.3847117	1.129153294
1.74	1.234507816	738.2443422	1.135374809
1.75	1.240184776	763.8240301	1.141588693
1.76	1.245860412	790.1403988	1.147795057
1.77	1.251534728	817.2103582	1.153994012
1.78	1.257207731	845.0511085	1.160185668
1.79	1.262879424	873.6801429	1.166370128
1.8	1.268549814	903.115251	1.172547499
1.81	1.274218905	933.3745224	1.17871788
1.82	1.279886703	964.4763501	1.184881371
1.83	1.285553212	996.4394335	1.191038069
1.84	1.291218438	1029.282782	1.197188071
1.85	1.296882387	1063.025718	1.203331469
1.86	1.302545062	1097.687883	1.209468355
1.87	1.30820647	1133.289235	1.215598818
1.88	1.313866615	1169.850058	1.221722947
1.89	1.319525504	1207.390963	1.227840828
1.9	1.32518314	1245.932893	1.233952544
1.91	1.33083953	1285.497123	1.24005818
1.92	1.336494679	1326.105267	1.246157815
1.93	1.342148591	1367.77928	1.25225153
1.94	1.347801273	1410.541462	1.258339403
1.95	1.353452729	1454.414462	1.264421509
1.96	1.359102964	1499.421281	1.270497925
1.97	1.364751984	1545.585276	1.276568724
1.98	1.370399794	1592.930162	1.282633978
1.99	1.376046399	1641.480019	1.288693758
2	1.381691805	1691.259294	1.294748133
2.01	1.387336016	1742.292802	1.300797172
2.02	1.392979038	1794.605734	1.306840943
2.03	1.398620876	1848.22366	1.312879509
2.04	1.404261535	1903.17253	1.318912937
2.05	1.40990102	1959.47868	1.32494129
2.06	1.415539336	2017.168837	1.330964629
2.07	1.421176489	2076.270118	1.336983016
2.08	1.426812484	2136.810041	1.342996511
2.09	1.432447325	2198.81652	1.349005173
2.1	1.438081018	2262.317879	1.35500906
2.11	1.443713567	2327.342847	1.361008229
2.12	1.449344978	2393.920567	1.367002735
2.13	1.454975256	2462.080599	1.372992634
2.14	1.460604406	2531.852921	1.378977979
2.15	1.466232433	2603.267939	1.384958824
2.16	1.471859341	2676.356485	1.39093522
2.17	1.477485136	2751.149825	1.396907219
2.18	1.483109822	2827.679659	1.402874872
2.19	1.488733405	2905.97813	1.408838227
2.2	1.49435589	2986.077824	1.414797334
2.21	1.49997728	3068.011778	1.420752239
2.22	1.505597582	3151.813479	1.426702991
2.23	1.5112168	3237.516873	1.432649636
2.24	1.516834938	3325.156365	1.438592218
2.25	1.522452001	3414.766827	1.444530783
2.26	1.528067995	3506.383599	1.450465376
2.27	1.533682924	3600.042496	1.456396038
2.28	1.539296792	3695.77981	1.462322813
2.29	1.544909605	3793.632315	1.468245743
2.3	1.550521366	3893.637272	1.474164868
2.31	1.556132081	3995.832431	1.48008023
2.32	1.561741755	4100.256038	1.485991869
2.33	1.567350391	4206.946838	1.491899823
2.34	1.572957994	4315.94408	1.497804131
2.35	1.57856457	4427.287519	1.503704833
2.36	1.584170122	4541.017424	1.509601964
2.37	1.589774654	4657.17458	1.515495562
2.38	1.595378172	4775.800294	1.521385663
2.39	1.600980681	4896.936396	1.527272304
2.4	1.606582183	5020.625247	1.533155519
2.41	1.612182684	5146.909743	1.539035342
2.42	1.617782188	5275.833319	1.544911809
2.43	1.623380699	5407.439952	1.550784953
2.44	1.628978223	5541.774166	1.556654807
2.45	1.634574762	5678.881041	1.562521403
2.46	1.640170322	5818.80621	1.568384774
2.47	1.645764906	5961.595869	1.574244952
2.48	1.651358519	6107.29678	1.580101967
2.49	1.656951165	6255.956276	1.585955851
2.5	1.662542849	6407.622264	1.591806634
2.51	1.668133574	6562.343233	1.597654345
2.52	1.673723344	6720.168254	1.603499015
2.53	1.679312165	6881.146989	1.609340671
2.54	1.684900039	7045.329694	1.615179344
2.55	1.690486971	7212.767223	1.62101506
2.56	1.696072964	7383.511034	1.626847848
2.57	1.701658024	7557.613192	1.632677735
2.58	1.707242154	7735.126375	1.638504749
2.59	1.712825358	7916.103882	1.644328915
2.6	1.718407639	8100.59963	1.65015026
2.61	1.723989003	8288.668165	1.65596881
2.62	1.729569452	8480.364668	1.661784591
2.63	1.735148991	8675.744953	1.667597627
2.64	1.740727623	8874.865478	1.673407944
2.65	1.746305353	9077.783347	1.679215565
2.66	1.751882184	9284.556318	1.685020516
2.67	1.757458119	9495.242804	1.69082282
2.68	1.763033164	9709.901879	1.6966225
2.69	1.768607321	9928.593286	1.70241958
2.7	1.774180595	10151.37744	1.708214083
2.71	1.779752988	10378.31542	1.71400603
2.72	1.785324505	10609.46902	1.719795446
2.73	1.79089515	10844.90068	1.72558235
2.74	1.796464925	11084.67355	1.731366766
2.75	1.802033835	11328.85149	1.737148714
2.76	1.807601884	11577.49904	1.742928215
2.77	1.813169074	11830.68147	1.748705292
2.78	1.818735409	12088.46473	1.754479963
2.79	1.824300894	12350.91552	1.76025225
2.8	1.82986553	12618.10125	1.766022172
2.81	1.835429323	12890.09006	1.771789749
2.82	1.840992275	13166.95081	1.777555001
2.83	1.84655439	13448.75312	1.783317948
2.84	1.852115672	13735.56733	1.789078607
2.85	1.857676123	14027.46456	1.794836998
2.86	1.863235747	14324.51665	1.80059314
2.87	1.868794548	14626.79622	1.806347051
2.88	1.874352528	14934.37666	1.812098748
2.89	1.879909692	15247.33211	1.817848251
2.9	1.885466043	15565.73751	1.823595576
2.91	1.891021583	15889.66855	1.829340741
2.92	1.896576316	16219.20174	1.835083763
2.93	1.902130246	16554.41435	1.84082466
2.94	1.907683375	16895.38448	1.846563448
2.95	1.913235707	17242.19101	1.852300143
2.96	1.918787245	17594.91364	1.858034762
2.97	1.924337992	17953.63286	1.863767322
2.98	1.929887952	18318.43002	1.869497838
2.99	1.935437127	18689.38725	1.875226326
3	1.940985521	19066.58756	1.880952803
3.01	1.946533136	19450.11475	1.886677282
3.02	1.952079977	19840.05348	1.89239978
3.03	1.957626045	20236.48927	1.898120311
3.04	1.963171344	20639.50847	1.903838891
3.05	1.968715877	21049.19831	1.909555535
3.06	1.974259648	21465.64686	1.915270256
3.07	1.979802658	21888.94308	1.92098307
3.08	1.985344911	22319.1768	1.92669399
3.09	1.990886411	22756.43873	1.93240303
3.1	1.996427159	23200.82047	1.938110205
3.11	2.001967159	23652.4145	1.943815529
3.12	2.007506414	24111.31422	1.949519014
3.13	2.013044926	24577.61392	1.955220675
3.14	2.018582699	25051.4088	1.960920524
3.15	2.024119735	25532.79498	1.966618575
3.16	2.029656038	26021.86951	1.97231484
3.17	2.03519161	26518.73035	1.978009334
3.18	2.040726453	27023.4764	1.983702067
3.19	2.046260571	27536.20751	1.989393053
3.2	2.051793967	28057.02447	1.995082305
3.21	2.057326643	28586.02902	2.000769834
3.22	2.062858602	29123.32385	2.006455653
3.23	2.068389846	29669.01262	2.012139773
3.24	2.073920379	30223.19997	2.017822207
3.25	2.079450203	30785.9915	2.023502967
3.26	2.084979321	31357.4938	2.029182064
3.27	2.090507736	31937.81444	2.034859509
3.28	2.096035449	32527.062	2.040535314
3.29	2.101562464	33125.34603	2.04620949
3.3	2.107088784	33732.77712	2.051882048
3.31	2.11261441	34349.46686	2.057553
3.32	2.118139347	34975.52784	2.063222356
3.33	2.123663595	35611.0737	2.068890127
3.34	2.129187158	36256.2191	2.074556324
3.35	2.134710038	36911.07973	2.080220957
3.36	2.140232238	37575.77233	2.085884037
3.37	2.145753761	38250.4147	2.091545574
3.38	2.151274608	38935.12568	2.097205579
3.39	2.156794782	39630.02517	2.10286406
3.4	2.162314287	40335.23416	2.10852103
3.41	2.167833123	41050.87468	2.114176496
3.42	2.173351294	41777.06988	2.11983047
3.43	2.178868803	42513.94396	2.125482961
3.44	2.184385651	43261.62225	2.131133979
3.45	2.18990184	44020.23114	2.136783532
3.46	2.195417375	44789.89817	2.142431631
3.47	2.200932256	45570.75196	2.148078285
3.48	2.206446486	46362.92226	2.153723504
3.49	2.211960067	47166.53994	2.159367295
3.5	2.217473002	47981.73702	2.165009669
3.51	2.222985294	48808.64665	2.170650634
3.52	2.228496943	49647.4031	2.1762902
3.53	2.234007954	50498.14184	2.181928374
3.54	2.239518328	51360.99946	2.187565166
3.55	2.245028066	52236.11373	2.193200584
3.56	2.250537173	53123.6236	2.198834638
3.57	2.256045649	54023.66917	2.204467334
3.58	2.261553497	54936.39175	2.210098683
3.59	2.26706072	55861.93384	2.215728691
3.6	2.272567318	56800.43913	2.221357367
3.61	2.278073296	57752.05252	2.22698472
3.62	2.283578654	58716.92011	2.232610757
3.63	2.289083396	59695.18925	2.238235486
3.64	2.294587523	60687.00847	2.243858916
3.65	2.300091037	61692.52757	2.249481054
3.66	2.30559394	62711.89756	2.255101907
3.67	2.311096235	63745.27073	2.260721485
3.68	2.316597924	64792.80059	2.266339793
3.69	2.322099009	65854.64192	2.27195684
3.7	2.327599492	66930.95078	2.277572633
3.71	2.333099374	68021.88448	2.283187179
3.72	2.338598659	69127.60162	2.288800486
3.73	2.344097348	70248.2621	2.294412562
3.74	2.349595443	71384.02709	2.300023413
3.75	2.355092946	72535.05908	2.305633046
3.76	2.36058986	73701.52185	2.311241468
3.77	2.366086186	74883.58052	2.316848687
3.78	2.371581926	76081.4015	2.32245471
3.79	2.377077082	77295.15256	2.328059542
3.8	2.382571657	78525.00279	2.333663192
3.81	2.388065652	79771.12262	2.339265666
3.82	2.393559529	81033.68383	2.34486697
3.83	2.39905237	82312.85958	2.350467111
3.84	2.404544637	83608.82436	2.356066096
3.85	2.410036331	84921.75405	2.361663931
3.86	2.415527456	86251.8259	2.367260623
3.87	2.421018013	87599.21857	2.372856177
3.88	2.426508003	88964.11209	2.378450601
3.89	2.431997429	90346.68789	2.384043901
3.9	2.437486292	91747.12881	2.389636083
3.91	2.442974595	93165.61912	2.395227153
3.92	2.448462339	94602.34448	2.400817116
3.93	2.453949526	96057.49202	2.40640598
3.94	2.459436158	97531.25028	2.411993751
3.95	2.464922237	99023.80925	2.417580433
3.96	2.470407764	100535.3604	2.423166034
3.97	2.475892742	102066.0965	2.428750558
3.98	2.481377172	103616.2121	2.434334012
3.99	2.486861056	105185.9029	2.439916402
4	2.492344396	106775.3663	2.445497733
4.01	2.497827193	108384.8011	2.451078011
4.02	2.503309449	110014.4076	2.456657241
4.03	2.508791167	111664.3876	2.462235429
4.04	2.514272347	113334.9444	2.467812581
4.05	2.519752992	115026.2828	2.473388702
4.06	2.525233104	116738.6093	2.478963797
4.07	2.530712683	118472.1317	2.484537872
4.08	2.536191732	120227.0594	2.490110933
4.09	2.541670252	122003.6035	2.495682983
4.1	2.547148246	123801.9764	2.50125403
4.11	2.552625714	125622.3924	2.506824077
4.12	2.558102659	127465.067	2.51239313
4.13	2.563579081	129330.2175	2.517961194
4.14	2.569054984	131218.0628	2.523528275
4.15	2.574530368	133128.8234	2.529094377
4.16	2.580005235	135062.7211	2.534659505
4.17	2.585479587	137019.9798	2.540223664
4.18	2.590953425	139000.8247	2.54578686
4.19	2.596426751	141005.4826	2.551349096
4.2	2.601899567	143034.1821	2.556910379
4.21	2.607371874	145087.1534	2.562470711
4.22	2.612843673	147164.6283	2.5680301
4.23	2.618314967	149266.8402	2.573588548
4.24	2.623785757	151394.0244	2.579146061
4.25	2.629256045	153546.4176	2.584702643
4.26	2.634725831	155724.2583	2.5902583
4.27	2.640195118	157927.7867	2.595813035
4.28	2.645663907	160157.2446	2.601366853
4.29	2.6511322	162412.8758	2.606919758
4.3	2.656599998	164694.9254	2.612471756
4.31	2.662067303	167003.6405	2.61802285
4.32	2.667534116	169339.2698	2.623573045
4.33	2.673000439	171702.0639	2.629122345
4.34	2.678466273	174092.2749	2.634670755
4.35	2.68393162	176510.1568	2.640218279
4.36	2.689396481	178955.9653	2.64576492
4.37	2.694860858	181429.9581	2.651310684
4.38	2.700324752	183932.3943	2.656855575
4.39	2.705788164	186463.5351	2.662399596
4.4	2.711251097	189023.6432	2.667942752
4.41	2.716713552	191612.9835	2.673485047
4.42	2.722175529	194231.8222	2.679026485
4.43	2.727637031	196880.4279	2.68456707
4.44	2.733098058	199559.0705	2.690106806
4.45	2.738558613	202268.022	2.695645696
4.46	2.744018697	205007.5563	2.701183746
4.47	2.749478311	207777.949	2.706720959
4.48	2.754937456	210579.4776	2.712257338
4.49	2.760396135	213412.4214	2.717792888
4.5	2.765854347	216277.0618	2.723327612
4.51	2.771312095	219173.6818	2.728861515
4.52	2.776769381	222102.5666	2.734394599
4.53	2.782226204	225064.003	2.739926869
4.54	2.787682568	228058.2799	2.745458329
4.55	2.793138473	231085.6881	2.750988981
4.56	2.79859392	234146.5202	2.756518831
4.57	2.804048911	237241.0708	2.76204788
4.58	2.809503447	240369.6367	2.767576134
4.59	2.81495753	243532.5161	2.773103596
4.6	2.82041116	246730.0098	2.778630268
4.61	2.82586434	249962.42	2.784156156
4.62	2.83131707	253230.0513	2.789681261
4.63	2.836769352	256533.21	2.795205588
4.64	2.842221186	259872.2046	2.800729141
4.65	2.847672576	263247.3455	2.806251921
4.66	2.853123521	266658.9451	2.811773934
4.67	2.858574022	270107.3179	2.817295182
4.68	2.864024082	273592.7803	2.822815669
4.69	2.869473702	277115.6509	2.828335398
4.7	2.874922882	280676.2503	2.833854372
4.71	2.880371624	284274.901	2.839372595
4.72	2.885819929	287911.9278	2.84489007
4.73	2.891267799	291587.6574	2.8504068
4.74	2.896715235	295302.4186	2.855922788
4.75	2.902162237	299056.5425	2.861438037
4.76	2.907608808	302850.362	2.866952552
4.77	2.913054948	306684.2123	2.872466334
4.78	2.918500658	310558.4307	2.877979388
4.79	2.923945941	314473.3565	2.883491715
4.8	2.929390797	318429.3313	2.88900332
4.81	2.934835226	322426.6988	2.894514205
4.82	2.940279231	326465.8047	2.900024373
4.83	2.945722813	330546.9971	2.905533827
4.84	2.951165973	334670.6262	2.911042571
4.85	2.956608711	338837.0442	2.916550607
4.86	2.96205103	343046.6058	2.922057939
4.87	2.96749293	347299.6676	2.927564568
4.88	2.972934413	351596.5886	2.933070499
4.89	2.978375479	355937.7299	2.938575734
4.9	2.98381613	360323.455	2.944080276
4.91	2.989256367	364754.1294	2.949584127
4.92	2.994696191	369230.1211	2.955087291
4.93	3.000135603	373751.8	2.960589771
4.94	3.005574604	378319.5387	2.966091569
4.95	3.011013196	382933.7118	2.971592688
4.96	3.01645138	387594.6961	2.97709313
4.97	3.021889156	392302.871	2.9825929
4.98	3.027326526	397058.618	2.988091998
4.99	3.032763492	401862.3208	2.993590429
5	3.038200053	406714.3657	2.999088194
5.01	3.043636211	411615.141	3.004585297
5.02	3.049071967	416565.0378	3.010081739
5.03	3.054507323	421564.449	3.015577525
5.04	3.059942279	426613.7702	3.021072656
5.05	3.065376837	431713.3994	3.026567134
5.06	3.070810997	436863.7367	3.032060964
5.07	3.076244761	442065.1848	3.037554146
5.08	3.081678129	447318.1487	3.043046684
5.09	3.087111104	452623.036	3.04853858
5.1	3.092543685	457980.2564	3.054029837
5.11	3.097975873	463390.2222	3.059520457
5.12	3.103407671	468853.3481	3.065010443
5.13	3.108839079	474370.0513	3.070499797
5.14	3.114270097	479940.7513	3.075988522
5.15	3.119700728	485565.8703	3.08147662
5.16	3.125130971	491245.8327	3.086964093
5.17	3.130560829	496981.0655	3.092450945
5.18	3.135990302	502771.9984	3.097937177
5.19	3.141419391	508619.0631	3.103422791
5.2	3.146848096	514522.6943	3.108907791
5.21	3.15227642	520483.329	3.114392178
5.22	3.157704363	526501.4067	3.119875955
5.23	3.163131927	532577.3695	3.125359125
5.24	3.168559111	538711.6621	3.130841688
5.25	3.173985917	544904.7316	3.136323649
5.26	3.179412346	551157.0277	3.141805009
5.27	3.1848384	557469.0029	3.147285769
5.28	3.190264078	563841.1121	3.152765934
5.29	3.195689382	570273.8127	3.158245504
5.3	3.201114314	576767.5648	3.163724483
5.31	3.206538873	583322.8313	3.169202871
5.32	3.211963061	589940.0775	3.174680672
5.33	3.217386879	596619.7714	3.180157888
5.34	3.222810328	603362.3836	3.185634521
5.35	3.228233408	610168.3875	3.191110572
5.36	3.233656121	617038.259	3.196586045
5.37	3.239078468	623972.4767	3.202060941
5.38	3.244500449	630971.522	3.207535263
5.39	3.249922066	638035.8789	3.213009011
5.4	3.255343319	645166.0341	3.21848219
5.41	3.260764209	652362.4771	3.2239548
5.42	3.266184738	659625.7001	3.229426844
5.43	3.271604906	666956.1979	3.234898324
5.44	3.277024714	674354.4683	3.240369242
5.45	3.282444162	681821.0116	3.2458396
5.46	3.287863253	689356.331	3.251309399
5.47	3.293281987	696960.9324	3.256778643
5.48	3.298700364	704635.3247	3.262247332
5.49	3.304118386	712380.0193	3.26771547
5.5	3.309536053	720195.5306	3.273183057
5.51	3.314953367	728082.3757	3.278650096
5.52	3.320370328	736041.0747	3.284116589
5.53	3.325786937	744072.1504	3.289582538
5.54	3.331203195	752176.1284	3.295047944
5.55	3.336619103	760353.5373	3.30051281
5.56	3.342034661	768604.9085	3.305977138
5.57	3.347449871	776930.7762	3.311440929
5.58	3.352864734	785331.6777	3.316904186
5.59	3.35827925	793808.1531	3.322366909
5.6	3.36369342	802360.7452	3.327829102
5.61	3.369107246	810990.0001	3.333290765
5.62	3.374520727	819696.4665	3.338751901
5.63	3.379933864	828480.6962	3.344212512
5.64	3.38534666	837343.244	3.3496726
5.65	3.390759114	846284.6676	3.355132165
5.66	3.396171227	855305.5276	3.360591211
5.67	3.401583	864406.3877	3.366049738
5.68	3.406994434	873587.8145	3.371507749
5.69	3.412405529	882850.3777	3.376965245
5.7	3.417816287	892194.65	3.382422228
5.71	3.423226709	901621.207	3.387878701
5.72	3.428636795	911130.6275	3.393334663
5.73	3.434046545	920723.4933	3.398790119
5.74	3.439455962	930400.3891	3.404245068
5.75	3.444865045	940161.903	3.409699513
5.76	3.450273795	950008.6259	3.415153456
5.77	3.455682214	959941.1519	3.420606897
5.78	3.461090302	969960.0781	3.42605984
5.79	3.466498059	980066.0049	3.431512285
5.8	3.471905487	990259.5357	3.436964234
5.81	3.477312586	1000541.277	3.44241569
5.82	3.482719358	1010911.838	3.447866652
5.83	3.488125802	1021371.833	3.453317124
5.84	3.49353192	1031921.877	3.458767107
5.85	3.498937713	1042562.589	3.464216602
5.86	3.504343181	1053294.591	3.469665611
5.87	3.509748325	1064118.51	3.475114136
5.88	3.515153145	1075034.974	3.480562178
5.89	3.520557643	1086044.615	3.486009738
5.9	3.52596182	1097148.068	3.491456819
5.91	3.531365675	1108345.972	3.496903422
5.92	3.536769211	1119638.968	3.502349549
5.93	3.542172426	1131027.702	3.5077952
5.94	3.547575324	1142512.822	3.513240379
5.95	3.552977903	1154094.979	3.518685085
5.96	3.558380165	1165774.829	3.524129321
5.97	3.56378211	1177553.029	3.529573088
5.98	3.56918374	1189430.24	3.535016388
5.99	3.574585055	1201407.129	3.540459222
6	3.579986055	1213484.362	3.545901591
6.01	3.585386742	1225662.612	3.551343498
6.02	3.590787116	1237942.553	3.556784944
6.03	3.596187178	1250324.864	3.562225929
6.04	3.601586929	1262810.226	3.567666457
6.05	3.606986369	1275399.325	3.573106527
6.06	3.612385499	1288092.848	3.578546142
6.07	3.61778432	1300891.488	3.583985302
6.08	3.623182832	1313795.94	3.589424011
6.09	3.628581036	1326806.902	3.594862267
6.1	3.633978934	1339925.078	3.600300074
6.11	3.639376525	1353151.172	3.605737433
6.12	3.64477381	1366485.894	3.611174345
6.13	3.65017079	1379929.956	3.616610811
6.14	3.655567466	1393484.075	3.622046833
6.15	3.660963838	1407148.971	3.627482412
6.16	3.666359907	1420925.366	3.63291755
6.17	3.671755674	1434813.987	3.638352248
6.18	3.677151139	1448815.565	3.643786507
6.19	3.682546304	1462930.833	3.649220328
6.2	3.687941168	1477160.528	3.654653714
6.21	3.693335733	1491505.393	3.660086665
6.22	3.698729999	1505966.17	3.665519183
6.23	3.704123966	1520543.61	3.670951268
6.24	3.709517636	1535238.462	3.676382923
6.25	3.714911009	1550051.483	3.681814149
6.26	3.720304086	1564983.432	3.687244947
6.27	3.725696868	1580035.072	3.692675318
6.28	3.731089354	1595207.168	3.698105263
6.29	3.736481546	1610500.491	3.703534784
6.3	3.741873445	1625915.815	3.708963882
6.31	3.747265051	1641453.917	3.714392559
6.32	3.752656364	1657115.579	3.719820816
6.33	3.758047386	1672901.584	3.725248653
6.34	3.763438117	1688812.722	3.730676072
6.35	3.768828557	1704849.786	3.736103075
6.36	3.774218708	1721013.57	3.741529663
6.37	3.77960857	1737304.876	3.746955836
6.38	3.784998143	1753724.507	3.752381597
6.39	3.790387428	1770273.269	3.757806946
6.4	3.795776426	1786951.976	3.763231884
6.41	3.801165138	1803761.441	3.768656413
6.42	3.806553563	1820702.483	3.774080535
6.43	3.811941704	1837775.925	3.779504249
6.44	3.817329559	1854982.595	3.784927558
6.45	3.822717131	1872323.321	3.790350462
6.46	3.828104419	1889798.939	3.795772964
6.47	3.833491424	1907410.288	3.801195063
6.48	3.838878147	1925158.208	3.806616761
6.49	3.844264589	1943043.546	3.81203806
6.5	3.849650749	1961067.152	3.81745896
6.51	3.855036629	1979229.88	3.822879462
6.52	3.86042223	1997532.588	3.828299569
6.53	3.865807551	2015976.137	3.83371928
6.54	3.871192593	2034561.394	3.839138597
6.55	3.876577357	2053289.228	3.844557522
6.56	3.881961844	2072160.512	3.849976054
6.57	3.887346055	2091176.126	3.855394197
6.58	3.892729988	2110336.95	3.860811949
6.59	3.898113647	2129643.87	3.866229314
6.6	3.90349703	2149097.777	3.871646291
6.61	3.908880139	2168699.564	3.877062882
6.62	3.914262974	2188450.129	3.882479088
6.63	3.919645535	2208350.375	3.88789491
6.64	3.925027824	2228401.207	3.893310349
6.65	3.930409841	2248603.535	3.898725406
6.66	3.935791586	2268958.276	3.904140083
6.67	3.94117306	2289466.346	3.90955438
6.68	3.946554264	2310128.668	3.914968298
6.69	3.951935198	2330946.17	3.920381839
6.7	3.957315862	2351919.783	3.925795003
6.71	3.962696258	2373050.441	3.931207792
6.72	3.968076385	2394339.084	3.936620207
6.73	3.973456245	2415786.656	3.942032248
6.74	3.978835838	2437394.105	3.947443918
6.75	3.984215165	2459162.382	3.952855215
6.76	3.989594225	2481092.445	3.958266143
6.77	3.99497302	2503185.253	3.963676701
6.78	4.000351551	2525441.771	3.969086892
6.79	4.005729817	2547862.97	3.974496715
6.8	4.011107819	2570449.821	3.979906172
6.81	4.016485558	2593203.303	3.985315263
6.82	4.021863034	2616124.398	3.990723991
6.83	4.027240249	2639214.093	3.996132356
6.84	4.032617201	2662473.377	4.001540358
6.85	4.037993893	2685903.247	4.006947999
6.86	4.043370324	2709504.701	4.01235528
6.87	4.048746496	2733278.745	4.017762202
6.88	4.054122407	2757226.384	4.023168765
6.89	4.05949806	2781348.634	4.028574971
6.9	4.064873455	2805646.51	4.033980821
6.91	4.070248591	2830121.035	4.039386315
6.92	4.075623471	2854773.233	4.044791456
6.93	4.080998093	2879604.137	4.050196242
6.94	4.08637246	2904614.78	4.055600676
6.95	4.09174657	2929806.202	4.061004759
6.96	4.097120426	2955179.447	4.066408491
6.97	4.102494026	2980735.564	4.071811873
6.98	4.107867373	3006475.605	4.077214907
6.99	4.113240465	3032400.628	4.082617592
7	4.118613305	3058511.695	4.088019931
7.01	4.123985892	3084809.873	4.093421924
7.02	4.129358227	3111296.232	4.098823571
7.03	4.13473031	3137971.85	4.104224875
7.04	4.140102142	3164837.805	4.109625835
7.05	4.145473723	3191895.184	4.115026453
7.06	4.150845054	3219145.076	4.12042673
7.07	4.156216135	3246588.574	4.125826665
7.08	4.161586968	3274226.779	4.131226262
7.09	4.166957552	3302060.794	4.136625519
7.1	4.172327887	3330091.727	4.142024439
7.11	4.177697975	3358320.691	4.147423021
7.12	4.183067816	3386748.804	4.152821267
7.13	4.18843741	3415377.188	4.158219178
7.14	4.193806758	3444206.971	4.163616755
7.15	4.19917586	3473239.285	4.169013998
7.16	4.204544717	3502475.266	4.174410908
7.17	4.209913329	3531916.055	4.179807487
7.18	4.215281697	3561562.8	4.185203734
7.19	4.220649821	3591416.651	4.190599652
7.2	4.226017702	3621478.765	4.19599524
7.21	4.23138534	3651750.301	4.2013905
7.22	4.236752736	3682232.425	4.206785432
7.23	4.24211989	3712926.309	4.212180037
7.24	4.247486802	3743833.127	4.217574316
7.25	4.252853474	3774954.059	4.222968271
7.26	4.258219905	3806290.291	4.2283619
7.27	4.263586096	3837843.013	4.233755207
7.28	4.268952048	3869613.42	4.239148191
7.29	4.27431776	3901602.711	4.244540853
7.3	4.279683234	3933812.091	4.249933194
7.31	4.28504847	3966242.771	4.255325214
7.32	4.290413468	3998895.964	4.260716916
7.33	4.295778229	4031772.892	4.266108298
7.34	4.301142754	4064874.778	4.271499363
7.35	4.306507042	4098202.853	4.276890111
7.36	4.311871094	4131758.35	4.282280543
7.37	4.31723491	4165542.512	4.287670659
7.38	4.322598492	4199556.581	4.29306046
7.39	4.32796184	4233801.809	4.298449948
7.4	4.333324953	4268279.45	4.303839122
7.41	4.338687833	4302990.765	4.309227984
7.42	4.344050479	4337937.019	4.314616535
7.43	4.349412893	4373119.482	4.320004775
7.44	4.354775075	4408539.431	4.325392704
7.45	4.360137025	4444198.146	4.330780325
7.46	4.365498743	4480096.913	4.336167637
7.47	4.370860231	4516237.023	4.341554641
7.48	4.376221488	4552619.772	4.346941338
7.49	4.381582515	4589246.463	4.352327729
7.5	4.386943313	4626118.402	4.357713814
7.51	4.392303881	4663236.901	4.363099595
7.52	4.39766422	4700603.277	4.368485072
7.53	4.403024332	4738218.853	4.373870245
7.54	4.408384215	4776084.957	4.379255116
7.55	4.413743871	4814202.922	4.384639685
7.56	4.4191033	4852574.087	4.390023953
7.57	4.424462502	4891199.795	4.39540792
7.58	4.429821478	4930081.395	4.400791588
7.59	4.435180228	4969220.243	4.406174957
7.6	4.440538753	5008617.697	4.411558027
7.61	4.445897053	5048275.124	4.4169408
7.62	4.451255129	5088193.893	4.422323277
7.63	4.45661298	5128375.382	4.427705457
7.64	4.461970608	5168820.971	4.433087342
7.65	4.467328013	5209532.048	4.438468932
7.66	4.472685195	5250510.004	4.443850229
7.67	4.478042154	5291756.238	4.449231231
7.68	4.483398891	5333272.154	4.454611942
7.69	4.488755407	5375059.159	4.45999236
7.7	4.494111702	5417118.669	4.465372488
7.71	4.499467776	5459452.103	4.470752324
7.72	4.504823629	5502060.887	4.476131871
7.73	4.510179263	5544946.452	4.481511129
7.74	4.515534676	5588110.234	4.486890098
7.75	4.520889871	5631553.676	4.49226878
7.76	4.526244847	5675278.225	4.497647174
7.77	4.531599605	5719285.334	4.503025282
7.78	4.536954145	5763576.464	4.508403104
7.79	4.542308467	5808153.077	4.513780641
7.8	4.547662572	5853016.646	4.519157894
7.81	4.55301646	5898168.645	4.524534862
7.82	4.558370132	5943610.556	4.529911548
7.83	4.563723588	5989343.867	4.535287951
7.84	4.569076828	6035370.071	4.540664072
7.85	4.574429853	6081690.666	4.546039912
7.86	4.579782663	6128307.158	4.551415472
7.87	4.585135259	6175221.056	4.556790751
7.88	4.590487641	6222433.877	4.562165752
7.89	4.595839809	6269947.142	4.567540473
7.9	4.601191764	6317762.379	4.572914917
7.91	4.606543506	6365881.122	4.578289083
7.92	4.611895036	6414304.911	4.583662973
7.93	4.617246354	6463035.289	4.589036587
7.94	4.622597459	6512073.809	4.594409925
7.95	4.627948354	6561422.026	4.599782988
7.96	4.633299037	6611081.505	4.605155777
7.97	4.63864951	6661053.814	4.610528292
7.98	4.643999773	6711340.527	4.615900535
7.99	4.649349826	6761943.226	4.621272505
8	4.654699669	6812863.496	4.626644203
8.01	4.660049303	6864102.93	4.632015631
8.02	4.665398729	6915663.126	4.637386787
8.03	4.670747946	6967545.69	4.642757674
8.04	4.676096955	7019752.231	4.648128292
8.05	4.681445757	7072284.367	4.65349864
8.06	4.686794351	7125143.719	4.658868721
8.07	4.692142739	7178331.917	4.664238534
8.08	4.69749092	7231850.595	4.66960808
8.09	4.702838895	7285701.394	4.67497736
8.1	4.708186664	7339885.96	4.680346374
8.11	4.713534227	7394405.948	4.685715123
8.12	4.718881586	7449263.015	4.691083608
8.13	4.72422874	7504458.828	4.696451828
8.14	4.729575689	7559995.057	4.701819785
8.15	4.734922435	7615873.381	4.70718748
8.16	4.740268977	7672095.483	4.712554912
8.17	4.745615315	7728663.053	4.717922082
8.18	4.750961451	7785577.788	4.723288991
8.19	4.756307384	7842841.389	4.72865564
8.2	4.761653115	7900455.567	4.734022029
8.21	4.766998644	7958422.035	4.739388158
8.22	4.772343972	8016742.515	4.744754029
8.23	4.777689098	8075418.735	4.750119641
8.24	4.783034024	8134452.429	4.755484996
8.25	4.788378749	8193845.337	4.760850093
8.26	4.793723274	8253599.205	4.766214934
8.27	4.7990676	8313715.787	4.771579519
8.28	4.804411725	8374196.842	4.776943849
8.29	4.809755652	8435044.135	4.782307923
8.3	4.81509938	8496259.439	4.787671744
8.31	4.82044291	8557844.532	4.79303531
8.32	4.825786242	8619801.2	4.798398623
8.33	4.831129375	8682131.233	4.803761683
8.34	4.836472312	8744836.431	4.809124492
8.35	4.841815051	8807918.596	4.814487048
8.36	4.847157594	8871379.541	4.819849354
8.37	4.852499941	8935221.082	4.825211408
8.38	4.857842091	8999445.043	4.830573213
8.39	4.863184046	9064053.256	4.835934768
8.4	4.868525805	9129047.557	4.841296075
8.41	4.873867369	9194429.79	4.846657133
8.42	4.879208739	9260201.804	4.852017943
8.43	4.884549914	9326365.458	4.857378505
8.44	4.889890895	9392922.614	4.862738821
8.45	4.895231683	9459875.143	4.86809889
8.46	4.900572277	9527224.921	4.873458713
8.47	4.905912678	9594973.832	4.878818291
8.48	4.911252886	9663123.766	4.884177625
8.49	4.916592902	9731676.62	4.889536714
8.5	4.921932726	9800634.298	4.894895559
8.51	4.927272358	9869998.709	4.900254161
8.52	4.932611798	9939771.771	4.90561252
8.53	4.937951048	10009955.41	4.910970637
8.54	4.943290107	10080551.55	4.916328512
8.55	4.948628975	10151562.14	4.921686146
8.56	4.953967653	10222989.11	4.927043539
8.57	4.959306141	10294834.42	4.932400692
8.58	4.96464444	10367100.03	4.937757605
8.59	4.96998255	10439787.9	4.943114279
8.6	4.97532047	10512900	4.948470714
8.61	4.980658202	10586438.31	4.953826911
8.62	4.985995746	10660404.82	4.95918287
8.63	4.991333102	10734801.52	4.964538591
8.64	4.99667027	10809630.4	4.969894076
8.65	5.002007251	10884893.48	4.975249325
8.66	5.007344045	10960592.77	4.980604338
8.67	5.012680652	11036730.29	4.985959115
8.68	5.018017073	11113308.07	4.991313658
8.69	5.023353307	11190328.13	4.996667966
8.7	5.028689356	11267792.53	5.00202204
8.71	5.03402522	11345703.3	5.00737588
8.72	5.039360898	11424062.51	5.012729488
8.73	5.044696391	11502872.22	5.018082863
8.74	5.0500317	11582134.5	5.023436007
8.75	5.055366824	11661851.42	5.028788918
8.76	5.060701765	11742025.08	5.034141599
8.77	5.066036522	11822657.55	5.039494049
8.78	5.071371095	11903750.94	5.044846268
8.79	5.076705486	11985307.35	5.050198258
8.8	5.082039694	12067328.9	5.055550019
8.81	5.087373719	12149817.7	5.060901551
8.82	5.092707562	12232775.89	5.066252855
8.83	5.098041223	12316205.6	5.071603931
8.84	5.103374703	12400108.97	5.076954779
8.85	5.108708001	12484488.14	5.082305401
8.86	5.114041118	12569345.28	5.087655796
8.87	5.119374055	12654682.55	5.093005964
8.88	5.124706811	12740502.12	5.098355908
8.89	5.130039387	12826806.16	5.103705626
8.9	5.135371783	12913596.87	5.109055119
8.91	5.140704	13000876.44	5.114404388
8.92	5.146036038	13088647.06	5.119753434
8.93	5.151367896	13176910.95	5.125102256
8.94	5.156699576	13265670.32	5.130450854
8.95	5.162031078	13354927.39	5.135799231
8.96	5.167362401	13444684.39	5.141147385
8.97	5.172693547	13534943.57	5.146495318
8.98	5.178024515	13625707.16	5.15184303
8.99	5.183355305	13716977.42	5.15719052
9	5.188685919	13808756.6	5.162537791
9.01	5.194016356	13901046.99	5.167884842
9.02	5.199346617	13993850.85	5.173231673
9.03	5.204676702	14087170.46	5.178578285
9.04	5.21000661	14181008.12	5.183924678
9.05	5.215336344	14275366.13	5.189270853
9.06	5.220665902	14370246.78	5.194616811
9.07	5.225995285	14465652.4	5.199962551
9.08	5.231324493	14561585.3	5.205308074
9.09	5.236653527	14658047.82	5.210653381
9.1	5.241982386	14755042.29	5.215998471
9.11	5.247311072	14852571.05	5.221343346
9.12	5.252639584	14950636.46	5.226688006
9.13	5.257967923	15049240.87	5.23203245
9.14	5.263296088	15148386.66	5.237376681
9.15	5.268624081	15248076.2	5.242720697
9.16	5.273951901	15348311.87	5.2480645
9.17	5.279279549	15449096.07	5.253408089
9.18	5.284607025	15550431.19	5.258751466
9.19	5.28993433	15652319.64	5.26409463
9.2	5.295261462	15754763.83	5.269437582
9.21	5.300588424	15857766.19	5.274780323
9.22	5.305915215	15961329.14	5.280122852
9.23	5.311241835	16065455.13	5.285465171
9.24	5.316568285	16170146.61	5.290807279
9.25	5.321894564	16275406.01	5.296149178
9.26	5.327220674	16381235.82	5.301490867
9.27	5.332546614	16487638.5	5.306832346
9.28	5.337872385	16594616.52	5.312173617
9.29	5.343197986	16702172.37	5.317514679
9.3	5.348523419	16810308.55	5.322855533
9.31	5.353848683	16919027.56	5.32819618
9.32	5.359173779	17028331.91	5.333536619
9.33	5.364498707	17138224.12	5.338876852
9.34	5.369823468	17248706.72	5.344216878
9.35	5.37514806	17359782.23	5.349556698
9.36	5.380472486	17471453.21	5.354896313
9.37	5.385796744	17583722.2	5.360235722
9.38	5.391120836	17696591.77	5.365574926
9.39	5.396444761	17810064.47	5.370913925
9.4	5.40176852	17924142.9	5.376252721
9.41	5.407092113	18038829.62	5.381591312
9.42	5.41241554	18154127.24	5.386929701
9.43	5.417738802	18270038.35	5.392267886
9.44	5.423061898	18386565.56	5.397605868
9.45	5.42838483	18503711.5	5.402943648
9.46	5.433707597	18621478.78	5.408281227
9.47	5.439030199	18739870.04	5.413618603
9.48	5.444352637	18858887.92	5.418955779
9.49	5.449674912	18978535.07	5.424292754
9.5	5.454997022	19098814.15	5.429629528
9.51	5.460318969	19219727.83	5.434966102
9.52	5.465640753	19341278.78	5.440302477
9.53	5.470962374	19463469.7	5.445638652
9.54	5.476283832	19586303.26	5.450974628
9.55	5.481605128	19709782.18	5.456310406
9.56	5.486926261	19833909.16	5.461645985
9.57	5.492247232	19958686.92	5.466981367
9.58	5.497568042	20084118.18	5.472316551
9.59	5.50288869	20210205.69	5.477651538
9.6	5.508209177	20336952.19	5.482986328
9.61	5.513529503	20464360.42	5.488320921
9.62	5.518849668	20592433.16	5.493655319
9.63	5.524169672	20721173.16	5.49898952
9.64	5.529489516	20850583.22	5.504323527
9.65	5.5348092	20980666.11	5.509657338
9.66	5.540128725	21111424.63	5.514990954
9.67	5.545448089	21242861.59	5.520324377
9.68	5.550767295	21374979.8	5.525657605
9.69	5.556086341	21507782.08	5.530990639
9.7	5.561405228	21641271.26	5.53632348
9.71	5.566723957	21775450.18	5.541656129
9.72	5.572042527	21910321.69	5.546988584
9.73	5.57736094	22045888.65	5.552320848
9.74	5.582679194	22182153.93	5.557652919
9.75	5.58799729	22319120.39	5.562984799
9.76	5.593315229	22456790.92	5.568316488
9.77	5.598633011	22595168.42	5.573647985
9.78	5.603950636	22734255.78	5.578979292
9.79	5.609268104	22874055.92	5.584310409
9.8	5.614585416	23014571.75	5.589641336
9.81	5.619902571	23155806.21	5.594972074
9.82	5.62521957	23297762.23	5.600302622
9.83	5.630536413	23440442.75	5.605632981
9.84	5.635853101	23583850.74	5.610963152
9.85	5.641169633	23727989.15	5.616293134
9.86	5.64648601	23872860.97	5.621622929
9.87	5.651802232	24018469.17	5.626952536
9.88	5.657118299	24164816.74	5.632281956
9.89	5.662434212	24311906.68	5.637611189
9.9	5.667749971	24459742.01	5.642940235
9.91	5.673065576	24608325.75	5.648269095
9.92	5.678381026	24757660.91	5.653597769
9.93	5.683696324	24907750.54	5.658926257
9.94	5.689011467	25058597.69	5.664254561
9.95	5.694326458	25210205.41	5.669582679
9.96	5.699641296	25362576.76	5.674910612
9.97	5.704955981	25515714.83	5.680238362
9.98	5.710270513	25669622.68	5.685565927
9.99	5.715584894	25824303.43	5.690893308
10	5.720899122	25979760.16	5.696220506
